-0.056
-0.056
-0.056
-0.056
-0.108
-0.213
-0.241
-0.295
-0.355
-0.386
-0.386
-0.386
-0.386
-0.386
-0.379
-0.359
-0.359
-0.343
-0.316
-0.294
-0.277
-0.260
-0.260
-0.242
-0.238
-0.230
-0.230
-0.230
-0.230
-0.230
-0.243
-0.243
-0.243
-0.269
-0.294
-0.294
-0.269
-0.257
-0.212
-0.212
-0.212
-0.242
-0.290
-0.265
-0.265
-0.288
-0.307
-0.307
-0.307
-0.307
-0.293
-0.293
-0.293
-0.297
-0.308
-0.308
-0.308
-0.331
-0.331
-0.333
-0.367
-0.390
-0.401
-0.407
-0.420
-0.407
-0.407
-0.420
-0.420
-0.420
-0.408
-0.405
-0.393
-0.394
-0.394
-0.423
-0.430
-0.452
-0.466
-0.466
-0.466
-0.466
-0.466
-0.410
-0.364
-0.334
-0.334
-0.325
-0.325
-0.334
-0.342
-0.342
-0.364
-0.365
-0.394
-0.394
-0.394
-0.408
-0.402
-0.399
-0.413
-0.413
-0.403
-0.403
-0.403
-0.413
-0.413
-0.403
-0.405
-0.399
-0.397
-0.397
-0.392
-0.380
-0.365
-0.327
-0.327
-0.327
-0.296
-0.296
-0.320
-0.349
-0.332
-0.332
-0.360
-0.374
-0.357
-0.357
-0.374
-0.383
-0.383
-0.383
-0.474
-0.481
-0.481
-0.481
-0.492
-0.492
-0.414
-0.399
-0.386
-0.377
-0.324
-0.324
-0.324
-0.315
-0.315
-0.286
-0.308
-0.336
-0.338
-0.338
-0.338
-0.320
-0.320
-0.320
-0.320
-0.320
-0.320
-0.320
-0.309
-0.309
-0.297
-0.270
-0.135
0.035
0.035
0.035
0.035
0.035
-0.131
-0.315
-0.339
-0.339
-0.339
-0.351
-0.339
-0.323
-0.319
-0.304
-0.293
-0.286
-0.275
-0.278
-0.278
-0.278
-0.296
-0.376
-0.430
-0.456
-0.456
-0.456
-0.456
-0.430
-0.416
-0.392
-0.365
-0.352
-0.352
-0.352
-0.329
-0.306
-0.306
-0.327
-0.306
-0.306
-0.324
-0.328
-0.334
-0.334
-0.349
-0.363
-0.343
-0.315
-0.315
-0.315
-0.315
-0.315
-0.315
-0.289
-0.274
-0.274
-0.271
-0.271
-0.277
-0.292
-0.329
-0.292
-0.277
-0.292
-0.292
-0.286
-0.297
-0.298
-0.298
-0.298
-0.298
-0.346
-0.393
-0.393
-0.393
-0.393
-0.393
-0.384
-0.319
-0.316
-0.316
-0.310
-0.310
-0.274
-0.281
-0.312
-0.349
-0.362
-0.362
-0.349
-0.343
-0.343
-0.343
-0.348
-0.356
-0.368
-0.356
-0.349
-0.361
-0.384
-0.397
-0.384
-0.360
-0.360
-0.345
-0.341
-0.335
-0.315
-0.295
-0.295
-0.295
-0.295
-0.306
-0.306
-0.301
-0.301
-0.301
-0.301
-0.301
-0.278
-0.257
-0.244
-0.232
-0.220
-0.194
-0.198
-0.197
-0.197
-0.197
-0.197
-0.223
-0.246
-0.254
-0.254
-0.256
-0.268
-0.279
-0.288
-0.279
-0.257
-0.257
-0.266
-0.288
-0.288
-0.288
-0.261
-0.261
-0.265
-0.313
-0.331
-0.315
-0.305
-0.305
-0.305
-0.305
-0.323
-0.336
-0.325
-0.315
-0.315
-0.329
-0.343
-0.353
-0.353
-0.353
-0.350
-0.333
-0.341
-0.351
-0.351
-0.351
-0.357
-0.357
-0.364
-0.364
-0.372
-0.372
-0.372
-0.367
-0.367
-0.359
-0.356
-0.343
-0.336
-0.347
-0.347
-0.347
-0.347
-0.336
-0.336
-0.320
-0.320
-0.320
-0.298
-0.296
-0.296
-0.294
-0.293
-0.282
-0.268
-0.258
-0.268
-0.282
-0.293
-0.296
-0.257
-0.216
-0.246
-0.284
-0.284
-0.290
-0.306
-0.306
-0.297
-0.277
-0.294
-0.307
-0.307
-0.305
-0.309
-0.325
-0.325
-0.325
-0.340
-0.340
-0.340
-0.361
-0.388
-0.396
-0.401
-0.388
-0.361
-0.331
-0.298
-0.298
-0.349
-0.315
-0.285
-0.279
-0.279
-0.279
-0.302
-0.321
-0.321
-0.321
-0.302
-0.296
-0.296
-0.269
-0.099
-0.099
-0.099
-0.099
-0.099
-0.104
-0.280
-0.280
-0.280
-0.280
-0.280
-0.280
-0.244
-0.244
-0.221
-0.202
-0.193
-0.182
-0.182
-0.187
-0.205
-0.263
-0.263
-0.206
-0.206
-0.207
-0.207
-0.207
-0.178
-0.178
-0.178
-0.178
-0.178
-0.182
-0.235
-0.288
-0.302
-0.305
-0.305
-0.305
-0.305
-0.305
-0.340
-0.351
-0.351
-0.317
-0.300
-0.288
-0.288
-0.305
-0.289
-0.289
-0.289
-0.289
-0.291
-0.291
-0.291
-0.291
-0.291
-0.261
-0.233
-0.210
-0.190
-0.188
-0.188
-0.188
-0.188
-0.188
-0.212
-0.243
-0.260
-0.267
-0.271
-0.278
-0.296
-0.304
-0.308
-0.308
-0.302
-0.290
-0.290
-0.272
-0.268
-0.236
-0.223
-0.215
-0.205
-0.174
-0.165
-0.165
-0.165
-0.165
-0.165
-0.163
-0.163
-0.181
-0.191
-0.200
-0.202
-0.210
-0.227
-0.247
-0.273
-0.286
-0.286
-0.286
-0.272
-0.247
-0.239
-0.237
-0.237
-0.237
-0.228
-0.220
-0.220
-0.204
-0.180
-0.163
-0.137
-0.129
-0.129
-0.129
-0.118
-0.118
-0.118
-0.118
0.198
0.198
0.246
0.279
0.279
0.279
0.009
-0.027
-0.065
-0.065
-0.065
-0.046
-0.077
-0.096
-0.104
-0.096
-0.089
-0.074
-0.056
-0.056
-0.074
-0.089
-0.089
-0.068
-0.044
-0.033
-0.032
-0.026
-0.023
0.004
0.020
0.028
0.028
0.028
0.027
0.017
0.017
-0.007
-0.018
-0.018
-0.018
-0.018
-0.007
-0.007
-0.003
0.014
0.038
0.043
0.065
0.091
0.091
0.065
0.065
0.065
0.065
0.032
0.011
0.011
0.002
0.002
0.002
0.002
0.008
0.035
0.056
0.058
0.071
0.096
0.121
0.133
0.171
0.249
0.305
0.305
0.305
0.323
0.328
0.325
0.305
0.259
0.225
0.225
0.225
0.221
0.210
0.187
0.187
0.210
0.215
0.215
0.215
0.209
0.186
0.162
0.162
0.139
0.118
0.099
0.075
0.067
0.065
0.065
0.065
0.067
0.077
0.077
0.077
0.066
0.084
0.110
0.126
0.114
0.087
0.060
0.042
0.040
0.044
0.059
0.040
0.028
0.021
0.021
0.021
0.033
0.059
0.127
0.291
0.498
0.661
0.661
0.661
0.661
0.566
0.470
0.197
0.153
0.070
0.012
0.012
0.012
0.012
0.012
0.083
0.177
0.177
0.189
0.189
0.189
0.172
0.172
0.172
0.172
0.189
0.179
0.197
0.211
0.219
0.219
0.219
0.211
0.193
0.135
0.085
0.031
0.031
0.031
0.031
0.010
0.010
0.009
0.009
0.009
0.031
0.038
0.031
0.031
0.031
0.022
0.014
0.014
0.014
0.020
0.014
0.012
-0.005
-0.030
-0.042
-0.042
-0.030
-0.021
-0.004
-0.004
0.006
0.046
0.071
0.083
0.085
0.096
0.111
0.120
0.111
0.111
0.111
0.111
0.095
0.059
0.059
0.026
0.010
-0.003
-0.012
-0.021
-0.012
-0.012
-0.029
-0.053
-0.061
-0.061
-0.053
-0.029
0.015
0.049
0.071
0.063
0.063
0.090
0.100
0.111
0.111
0.111
0.136
0.166
0.184
0.184
0.184
0.184
0.184
0.171
0.162
0.162
0.162
0.162
0.148
0.124
0.130
0.154
0.196
0.237
0.249
0.309
0.383
0.494
0.508
0.508
0.508
0.508
0.508
0.400
0.400
0.392
0.392
0.392
0.392
0.406
0.406
0.406
0.406
0.406
0.403
0.406
0.411
0.411
0.411
0.411
0.440
0.465
0.465
0.493
0.493
0.493
0.470
0.466
0.461
0.448
0.430
0.415
0.403
0.363
0.318
0.318
0.305
0.305
0.299
0.291
0.291
0.291
0.282
0.271
0.274
0.274
0.282
0.259
0.242
0.242
0.238
0.230
0.209
0.170
0.132
0.098
0.089
0.061
0.061
0.050
0.050
0.055
0.049
0.049
0.049
0.052
0.057
0.062
0.062
0.072
0.091
0.091
0.091
0.091
0.091
0.055
-0.004
-0.018
-0.018
-0.018
-0.018
-0.004
-0.003
-0.003
-0.003
-0.009
-0.009
-0.009
-0.009
-0.009
-0.009
-0.009
0.003
0.015
0.031
0.062
0.062
0.062
0.062
0.065
0.057
0.044
0.044
0.044
0.042
0.034
0.023
0.023
0.023
0.023
0.023
0.002
0.002
0.002
0.015
0.037
0.037
0.040
0.042
0.042
0.042
0.048
0.322
0.376
0.376
0.376
0.376
0.376
0.024
-0.118
-0.133
-0.148
-0.183
-0.230
-0.230
-0.230
-0.230
-0.230
-0.193
-0.193
-0.193
-0.197
-0.197
-0.178
-0.201
-0.201
-0.203
-0.237
-0.272
-0.311
-0.295
-0.295
-0.304
-0.304
-0.304
-0.304
-0.315
-0.304
-0.304
-0.304
-0.315
-0.331
-0.310
-0.323
-0.334
-0.358
-0.385
-0.398
-0.422
-0.422
-0.398
-0.386
-0.386
-0.386
-0.381
-0.364
-0.318
-0.318
-0.318
-0.318
-0.357
-0.383
-0.383
-0.383
-0.389
-0.410
-0.417
-0.422
-0.429
-0.430
-0.428
-0.430
-0.430
-0.430
-0.430
-0.396
-0.361
-0.357
-0.353
-0.339
-0.339
-0.339
-0.339
-0.339
-0.339
-0.353
-0.376
-0.368
-0.393
-0.393
-0.384
-0.363
-0.342
-0.342
-0.354
-0.354
-0.354
-0.374
-0.374
-0.359
-0.359
-0.359
-0.359
-0.359
-0.333
-0.311
-0.311
-0.311
-0.311
-0.301
-0.301
-0.310
-0.310
-0.338
-0.347
-0.347
-0.344
-0.321
-0.303
-0.321
-0.321
-0.307
-0.307
-0.282
-0.267
-0.244
-0.237
-0.215
0.117
0.117
0.117
0.117
0.108
0.108
-0.234
-0.260
-0.269
-0.288
-0.328
-0.359
-0.359
-0.359
-0.359
-0.328
-0.297
-0.290
-0.270
-0.240
-0.240
-0.220
-0.220
-0.238
-0.249
-0.260
-0.260
-0.304
-0.332
-0.332
-0.332
-0.332
-0.342
-0.342
-0.346
-0.358
-0.387
-0.430
-0.430
-0.430
-0.436
-0.463
-0.463
-0.436
-0.436
-0.428
-0.422
-0.422
-0.423
-0.423
-0.419
-0.407
-0.395
-0.355
-0.336
-0.336
-0.336
-0.336
-0.336
-0.394
-0.450
-0.450
-0.450
-0.450
-0.450
-0.432
-0.388
-0.380
-0.380
-0.380
-0.380
-0.380
-0.386
-0.386
-0.373
-0.379
-0.390
-0.411
-0.432
-0.439
-0.445
-0.460
-0.460
-0.460
-0.471
-0.471
-0.471
-0.438
-0.409
-0.359
-0.329
-0.324
-0.324
-0.321
-0.321
-0.324
-0.331
-0.339
-0.349
-0.361
-0.383
-0.397
-0.397
-0.397
-0.397
-0.390
-0.378
-0.390
-0.390
-0.390
-0.390
-0.408
-0.441
-0.441
-0.449
-0.473
-0.473
-0.473
-0.449
-0.437
-0.407
-0.386
-0.372
-0.355
-0.345
-0.149
0.040
0.040
0.040
0.040
0.040
-0.106
-0.267
-0.283
-0.298
-0.336
-0.358
-0.358
-0.332
-0.298
-0.320
-0.358
-0.365
-0.377
-0.377
-0.371
-0.371
-0.371
-0.371
-0.371
-0.365
-0.362
-0.356
-0.334
-0.334
-0.310
-0.310
-0.310
-0.295
-0.284
-0.284
-0.309
-0.328
-0.334
-0.328
-0.328
-0.328
-0.328
-0.334
-0.341
-0.341
-0.341
-0.341
-0.345
-0.345
-0.345
-0.345
-0.311
-0.305
-0.305
-0.272
-0.272
-0.272
-0.265
-0.265
-0.265
-0.298
-0.321
-0.326
-0.326
-0.345
-0.345
-0.345
-0.345
-0.326
-0.329
-0.329
-0.350
-0.375
-0.371
-0.371
-0.371
-0.371
-0.395
-0.422
-0.422
-0.395
-0.383
-0.362
-0.344
-0.328
-0.302
-0.284
-0.272
-0.272
-0.266
-0.266
-0.253
-0.253
-0.266
-0.266
-0.269
-0.291
-0.330
-0.358
-0.372
-0.372
-0.372
-0.358
-0.345
-0.314
-0.314
-0.285
-0.284
-0.284
-0.284
-0.284
-0.283
-0.283
-0.283
-0.283
-0.283
-0.311
-0.349
-0.345
-0.310
-0.272
-0.263
-0.263
-0.263
-0.249
-0.184
-0.184
-0.155
-0.147
-0.147
-0.147
-0.171
-0.208
-0.208
-0.252
-0.278
-0.252
-0.252
-0.278
-0.252
-0.237
-0.237
-0.251
-0.274
-0.267
-0.243
-0.251
-0.267
-0.267
-0.300
-0.300
-0.306
-0.306
-0.306
-0.328
-0.331
-0.331
-0.320
-0.320
-0.310
-0.310
-0.339
-0.339
-0.308
-0.283
-0.273
-0.263
-0.252
-0.252
-0.252
-0.284
-0.267
-0.267
-0.296
-0.296
-0.296
-0.296
-0.296
-0.270
-0.270
-0.254
-0.248
-0.248
-0.248
-0.248
-0.265
-0.291
-0.302
-0.302
-0.302
-0.302
-0.302
-0.282
-0.282
-0.282
-0.282
-0.282
-0.261
-0.261
-0.275
-0.293
-0.302
-0.317
-0.318
-0.320
-0.320
-0.302
-0.302
-0.320
-0.333
-0.333
-0.333
-0.310
-0.275
-0.275
-0.275
-0.284
-0.321
-0.321
-0.283
-0.283
-0.310
-0.336
-0.367
-0.336
-0.310
-0.306
-0.274
-0.266
-0.282
-0.291
-0.291
-0.282
-0.266
-0.266
-0.264
-0.264
-0.282
-0.286
-0.278
-0.266
-0.256
-0.256
-0.256
-0.242
-0.232
-0.225
-0.201
-0.185
-0.180
-0.180
-0.180
-0.180
-0.180
-0.238
-0.258
-0.276
-0.295
-0.295
-0.295
-0.287
-0.274
-0.264
-0.241
-0.235
-0.242
-0.242
-0.242
-0.222
-0.199
-0.180
-0.204
-0.223
-0.242
-0.254
-0.241
-0.204
-0.204
-0.241
-0.275
-0.278
-0.278
-0.278
-0.261
-0.261
-0.261
-0.261
-0.227
-0.227
-0.227
-0.227
-0.229
-0.240
-0.240
-0.222
-0.240
-0.248
-0.268
-0.268
-0.241
-0.241
-0.263
-0.252
-0.284
-0.284
-0.267
-0.262
-0.262
-0.270
-0.273
-0.273
-0.273
-0.305
-0.303
-0.303
-0.303
-0.303
-0.263
-0.243
-0.221
-0.196
-0.196
-0.196
-0.178
-0.178
-0.176
-0.176
-0.195
-0.243
-0.281
-0.291
-0.291
-0.290
-0.290
-0.290
-0.290
-0.290
-0.282
-0.236
-0.197
-0.188
-0.179
-0.179
-0.188
-0.197
-0.210
-0.226
-0.226
-0.242
-0.257
-0.280
-0.280
-0.257
-0.256
-0.296
-0.296
-0.296
-0.293
-0.266
-0.258
-0.245
-0.245
-0.258
-0.262
-0.262
-0.262
-0.262
-0.245
-0.232
-0.232
-0.239
-0.244
-0.234
-0.223
-0.209
-0.146
0.197
0.197
0.218
0.234
0.234
0.234
-0.014
-0.048
-0.048
-0.064
-0.085
-0.085
-0.112
-0.143
-0.136
-0.085
-0.064
-0.069
-0.121
-0.176
-0.179
-0.179
-0.157
-0.169
-0.194
-0.206
-0.206
-0.206
-0.206
-0.230
-0.203
-0.170
-0.150
-0.150
-0.150
-0.150
-0.211
-0.238
-0.250
-0.260
-0.299
-0.334
-0.335
-0.335
-0.335
-0.335
-0.300
-0.269
-0.262
-0.262
-0.262
-0.262
-0.262
-0.335
-0.335
-0.335
-0.335
-0.373
-0.373
-0.336
-0.313
-0.307
-0.283
-0.256
-0.245
-0.231
-0.207
-0.187
-0.168
-0.168
-0.166
-0.160
-0.145
-0.128
-0.126
-0.126
-0.120
-0.114
-0.114
-0.098
-0.075
-0.075
-0.075
-0.075
-0.098
-0.125
-0.125
-0.126
-0.133
-0.165
-0.202
-0.225
-0.229
-0.229
-0.246
-0.246
-0.246
-0.246
-0.228
-0.218
-0.206
-0.201
-0.201
-0.164
-0.117
-0.117
-0.153
-0.153
-0.164
-0.182
-0.182
-0.182
-0.182
-0.201
-0.216
-0.216
-0.216
-0.216
-0.216
-0.210
-0.175
-0.134
-0.094
-0.052
-0.052
-0.035
-0.035
-0.035
-0.035
-0.081
-0.128
-0.128
-0.128
-0.151
-0.186
-0.186
-0.186
-0.143
-0.143
-0.143
-0.159
-0.200
-0.236
-0.236
-0.200
-0.213
-0.213
-0.213
-0.179
-0.158
-0.148
-0.084
-0.084
-0.084
-0.084
-0.084
-0.088
-0.137
-0.137
-0.137
-0.137
-0.137
-0.119
-0.119
-0.119
-0.119
-0.119
-0.152
-0.212
-0.212
-0.239
-0.247
-0.247
-0.247
-0.246
-0.201
-0.201
-0.201
-0.163
-0.207
-0.207
-0.174
-0.174
-0.174
-0.174
-0.174
-0.162
-0.162
-0.173
-0.173
-0.173
-0.136
-0.136
-0.136
-0.136
-0.128
-0.155
-0.155
-0.153
-0.120
-0.120
-0.178
-0.213
-0.229
-0.259
-0.276
-0.289
-0.288
-0.288
-0.288
-0.288
-0.253
-0.178
-0.178
-0.178
-0.178
-0.178
-0.202
-0.268
-0.268
-0.268
-0.268
-0.268
-0.251
-0.236
-0.211
-0.187
-0.162
-0.131
-0.112
-0.112
-0.113
-0.132
-0.133
-0.158
-0.158
-0.158
-0.175
-0.175
-0.175
-0.196
-0.196
-0.249
-0.249
-0.211
-0.211
-0.210
-0.210
-0.210
-0.210
-0.197
-0.020
0.029
0.029
0.029
0.029
0.029
-0.130
-0.162
-0.162
-0.162
-0.162
-0.162
-0.103
-0.056
-0.051
-0.043
-0.038
-0.034
-0.038
-0.041
-0.045
-0.056
-0.073
-0.065
-0.065
-0.065
-0.065
-0.096
-0.116
-0.090
-0.059
-0.041
-0.041
-0.059
-0.104
-0.134
-0.163
-0.192
-0.174
-0.176
-0.176
-0.176
-0.176
-0.163
-0.152
-0.163
-0.163
-0.163
-0.155
-0.140
-0.157
-0.167
-0.144
-0.167
-0.169
-0.166
-0.144
-0.118
-0.144
-0.166
-0.166
-0.178
-0.214
-0.241
-0.241
-0.241
-0.241
-0.241
-0.181
-0.117
-0.117
-0.117
-0.112
-0.110
-0.110
-0.110
-0.110
-0.092
-0.075
-0.075
-0.075
-0.075
-0.067
-0.067
-0.109
-0.141
-0.141
-0.141
-0.141
-0.164
-0.153
-0.145
-0.145
-0.133
-0.133
-0.133
-0.132
-0.132
-0.132
-0.132
-0.132
-0.102
-0.084
-0.102
-0.102
-0.102
-0.136
-0.161
-0.172
-0.172
-0.161
-0.180
-0.188
-0.188
-0.188
-0.180
-0.150
-0.121
-0.121
-0.121
-0.140
-0.086
-0.018
0.034
0.021
0.021
-0.032
-0.085
-0.085
-0.069
-0.049
-0.049
-0.082
-0.082
-0.082
-0.082
-0.048
-0.015
-0.015
-0.011
0.001
0.001
0.001
0.001
-0.024
-0.037
-0.044
-0.047
-0.041
-0.041
-0.041
-0.054
-0.054
-0.064
-0.064
-0.100
-0.160
-0.182
-0.182
-0.182
-0.182
-0.202
-0.179
-0.179
-0.148
-0.132
-0.071
-0.019
-0.010
-0.023
-0.023
-0.023
-0.023
-0.023
-0.075
-0.168
-0.194
-0.194
-0.194
-0.215
-0.215
-0.215
-0.195
-0.179
-0.178
-0.178
-0.171
-0.171
-0.156
-0.156
-0.156
-0.147
-0.147
-0.147
-0.147
-0.147
-0.156
-0.156
-0.184
-0.184
-0.183
-0.187
-0.199
-0.210
-0.210
-0.199
-0.199
-0.208
-0.210
-0.217
-0.227
-0.241
-0.262
-0.275
-0.254
-0.254
-0.254
-0.254
-0.237
-0.135
-0.086
-0.086
-0.086
-0.086
-0.086
-0.132
-0.174
-0.187
-0.201
-0.226
-0.226
-0.226
-0.226
-0.226
-0.226
-0.217
-0.230
-0.262
-0.286
-0.280
-0.280
-0.286
-0.300
-0.314
-0.300
-0.314
-0.323
-0.314
-0.294
-0.314
-0.357
-0.400
