-4.127
-4.224
-4.224
-4.207
-4.242
-3.999
-3.999
-4.242
-4.423
-4.423
-4.275
-4.196
-4.155
-4.122
-4.117
-4.117
-4.117
-4.117
-4.117
-4.033
-4.033
-4.033
-4.033
-4.009
-3.911
-4.028
-4.201
-4.230
-4.230
-4.363
-4.502
-4.509
-4.509
-4.509
-4.509
-4.453
-4.357
-4.507
-4.507
-4.507
-4.513
-4.541
-4.598
-4.598
-4.598
-4.598
-4.598
-4.373
-4.089
-3.807
-3.662
-3.662
-3.662
-3.844
-4.064
-4.164
-4.164
-4.064
-4.042
-4.042
-4.042
-3.930
-3.930
-3.895
-3.744
-3.545
-3.545
-3.545
-3.744
-3.744
-3.744
-3.651
-3.319
-3.319
-3.320
-3.629
-3.629
-3.629
-3.629
-3.811
-3.811
-3.811
-3.811
-3.811
-3.888
-3.713
-3.546
-3.303
-3.303
-3.303
-3.387
-3.444
-3.444
-3.444
-3.420
-3.253
-3.253
-3.314
-3.314
-3.314
-3.314
-3.389
-3.461
-3.530
-3.530
-3.612
-3.757
-3.757
-3.612
-3.598
-3.598
-3.580
-3.433
-3.354
-3.354
-3.354
-3.152
-2.932
-2.867
-2.867
-2.919
-3.050
-3.135
-3.145
-3.126
-3.050
-3.032
-3.032
-3.032
-2.832
-2.741
-2.741
-2.741
-2.741
-2.741
-2.741
-2.656
-2.680
-2.841
-3.085
-3.283
-3.133
-3.020
-3.161
-3.259
-3.298
-3.298
-3.259
-3.161
-3.097
-3.097
-3.171
-3.171
-3.071
-3.071
-3.071
-3.062
-3.062
-3.062
-3.061
-2.988
-2.894
-2.800
-2.800
-2.766
-2.766
-2.766
-2.601
-2.373
-2.188
-2.148
-2.274
-2.332
-2.406
-2.675
-2.675
-2.675
-2.651
-2.651
-2.651
-2.869
-2.743
-2.743
-2.945
-2.912
-2.743
-2.407
-2.518
-2.518
-2.603
-2.603
-2.453
-2.359
-2.359
-2.342
-2.342
-2.342
-2.195
-2.170
-1.921
-1.756
-1.639
-1.639
-1.639
-1.756
-1.921
-2.075
-2.207
-2.417
-2.532
-2.532
-2.532
-2.532
-2.532
-2.676
-2.914
-2.694
-2.518
-2.518
-2.738
-2.986
-3.096
-3.187
-3.187
-3.049
-3.016
-3.016
-3.016
-3.024
-2.885
-2.754
-2.672
-2.611
-2.611
-2.672
-2.672
-2.672
-2.518
-2.358
-2.198
-2.358
-2.367
-2.430
-2.592
-2.592
-2.549
-2.411
-2.411
-2.411
-2.411
-2.474
-2.612
-2.390
-2.146
-2.038
-2.016
-2.016
-2.016
-2.333
-2.668
-2.761
-2.680
-2.680
-2.680
-2.680
-2.680
-2.305
-2.099
-1.929
-1.863
-1.827
-1.827
-1.827
-1.863
-1.979
-2.148
-2.148
-2.034
-2.106
-2.207
-2.311
-2.311
-2.239
-2.239
-2.160
-2.055
-2.055
-1.946
-1.649
-1.434
-1.434
-1.434
-1.434
-1.434
-1.579
-1.836
-1.836
-1.956
-2.071
-2.071
-1.956
-1.907
-1.836
-1.803
-1.740
-1.740
-1.789
-1.789
-1.733
-1.789
-1.832
-1.832
-1.850
-1.850
-1.850
-1.850
-1.850
-1.888
-1.888
-1.824
-1.677
-1.524
-1.524
-1.524
-1.417
-1.617
-1.617
-1.600
-1.638
-1.663
-1.807
-1.832
-1.832
-1.847
-1.871
-1.877
-1.871
-1.877
-1.907
-2.026
-2.162
-2.093
-2.093
-2.162
-2.272
-2.347
-2.384
-2.475
-2.475
-2.475
-2.475
-2.475
-2.427
-2.305
-2.305
-2.305
-2.305
-2.305
-2.416
-2.527
-2.574
-2.606
-2.618
-2.631
-2.631
-2.640
-2.640
-2.631
-2.618
-2.606
-2.623
-2.717
-2.609
-2.516
-2.516
-2.516
-2.730
-2.971
-2.971
-2.971
-2.781
-2.781
-3.129
-3.238
-3.238
-3.124
-3.124
-3.124
-3.124
-3.124
-3.124
-3.084
-3.064
-3.064
-3.103
-3.176
-3.206
-3.294
-3.525
-3.605
-3.833
-3.966
-3.966
-3.966
-3.966
-3.966
-3.782
-3.536
-3.388
-3.388
-3.388
-3.219
-3.388
-3.471
-3.404
-3.404
-3.599
-3.850
-3.857
-3.719
-3.606
-3.606
-3.319
-3.103
-3.509
-3.509
-3.293
-3.103
-2.869
-2.869
-2.869
-2.774
-2.958
-2.958
-2.958
-2.784
-2.720
-2.780
-2.852
-3.026
-3.317
-3.585
-3.585
-3.226
-2.935
-2.935
-2.935
-2.971
-2.921
-2.916
-2.834
-2.834
-2.834
-2.857
-2.857
-2.857
-2.857
-2.778
-2.707
-2.647
-2.507
-2.373
-2.350
-2.282
-2.214
-2.188
-2.266
-2.356
-2.356
-2.356
-2.509
-2.598
-2.614
-2.614
-2.614
-2.614
-2.528
-2.474
-2.345
-2.240
-2.240
-2.179
-2.119
-2.032
-1.910
-1.851
-1.851
-1.910
-2.093
-1.940
-1.889
-1.762
-1.643
-1.771
-1.922
-2.131
-2.131
-2.131
-2.131
-2.416
-2.416
-2.416
-2.416
-2.416
-2.402
-2.288
-2.288
-2.229
-2.193
-2.193
-2.193
-2.229
-2.296
-2.296
-2.296
-2.204
-2.076
-2.005
-1.826
-1.651
-1.638
-1.638
-1.638
-1.638
-1.670
-1.700
-1.906
-2.164
-2.185
-2.185
-2.185
-2.145
-2.145
-2.145
-2.155
-2.230
-2.230
-2.155
-2.062
-2.062
-2.062
-2.219
-2.219
-2.432
-2.735
-2.468
-1.984
-1.735
-1.977
-2.409
-2.538
-2.466
-2.466
-2.466
-2.390
-2.466
-2.474
-2.474
-2.474
-2.466
-2.390
-2.241
-2.004
-1.822
-1.748
-1.748
-1.748
-1.822
-2.004
-1.658
-1.429
-1.384
-1.832
-2.203
-2.203
-2.051
-1.913
-1.792
-1.633
-1.633
-1.633
-1.633
-1.633
-1.633
-1.731
-1.731
-1.714
-1.855
-1.898
-1.908
-1.908
-1.908
-1.908
-1.864
-1.724
-1.519
-1.388
-1.388
-1.388
-1.388
-1.388
-1.388
-1.388
-1.388
-1.436
-1.446
-1.468
-1.468
-1.530
-1.512
-1.512
-1.512
-1.512
-1.512
-1.229
-0.846
-0.846
-0.846
-0.846
-0.846
-0.949
-1.190
-1.190
-1.190
-1.190
-1.190
-1.120
-1.032
-1.001
-0.941
-0.879
-0.786
-0.629
-0.535
-0.535
-0.320
-0.195
-0.195
-0.010
0.236
0.469
0.503
0.610
0.673
0.673
0.558
0.611
0.611
0.673
0.687
0.754
0.801
0.891
0.891
0.891
0.891
1.020
1.072
1.033
1.033
1.107
1.107
0.945
0.967
1.141
1.158
1.158
1.616
2.606
2.736
2.736
2.736
2.736
2.736
2.048
1.762
1.762
1.762
1.762
1.762
1.901
2.036
2.051
2.477
2.880
2.880
2.880
2.880
2.945
3.082
2.934
2.704
2.519
2.519
2.519
2.854
3.212
3.412
3.412
3.570
3.614
3.676
3.808
3.842
3.842
3.842
3.956
3.956
4.072
4.125
4.125
4.188
4.410
4.530
4.707
5.080
5.398
5.827
5.945
5.945
6.283
6.438
6.547
6.629
6.733
6.818
6.929
7.079
7.227
7.297
7.904
8.862
8.954
8.954
9.166
9.257
9.306
9.337
9.393
9.423
9.423
9.479
9.849
9.849
9.849
10.416
10.659
10.881
11.051
11.051
11.051
11.117
11.257
11.353
11.513
11.645
11.914
12.204
12.227
12.272
12.290
12.314
12.396
12.399
12.399
12.399
12.717
13.051
13.187
13.211
13.235
13.235
13.261
13.380
13.293
13.235
13.211
13.229
13.241
13.241
13.090
13.085
12.813
12.802
12.802
12.802
12.802
12.635
12.493
12.635
12.802
12.802
12.650
12.376
12.376
12.516
12.758
13.016
13.369
13.231
13.016
12.758
12.758
12.758
12.683
12.850
12.897
12.745
12.723
12.646
12.646
12.646
12.852
12.905
12.905
12.829
12.592
12.315
12.315
12.315
12.552
12.926
12.926
12.989
13.034
13.034
13.034
13.146
13.237
13.211
13.125
13.034
13.099
13.209
13.079
13.049
13.049
12.895
12.872
12.872
12.872
13.015
13.015
13.015
13.183
13.341
13.500
13.598
13.747
13.747
13.862
14.076
14.348
14.494
14.607
14.686
14.686
14.595
14.595
14.595
14.595
14.595
14.595
14.595
14.595
14.626
14.711
15.001
15.046
15.046
15.197
15.389
15.459
15.459
15.653
16.024
16.339
16.346
16.393
16.457
16.489
16.517
16.517
17.119
17.895
18.362
18.362
18.362
18.547
18.547
18.547
18.424
18.292
18.292
18.292
18.292
18.292
18.292
18.056
17.969
17.914
17.914
17.914
17.799
17.676
17.630
17.545
17.039
16.465
16.330
16.262
16.262
16.081
15.462
14.890
14.788
14.720
14.548
14.329
13.787
13.133
12.068
10.828
10.428
10.391
10.279
9.972
9.580
9.205
8.859
8.601
8.161
7.689
7.543
7.296
7.009
6.697
6.271
5.620
4.824
4.374
4.143
4.143
4.143
4.143
4.318
4.318
4.137
3.981
3.866
3.866
3.352
2.703
2.464
2.356
2.282
2.109
2.028
2.028
1.745
1.528
1.491
1.202
0.932
0.872
0.831
0.741
0.708
0.588
0.491
0.361
-0.044
-0.347
-0.386
-0.386
-0.386
-0.386
-0.412
-0.412
-0.412
-0.412
-0.489
-0.489
-0.516
-0.652
-0.931
-1.330
-1.330
-1.224
-1.519
-1.604
-1.798
-1.944
-1.944
-2.034
-2.177
-2.177
-2.177
-2.210
-2.222
-2.222
-2.222
-2.210
-2.210
-1.964
-1.657
-1.592
-1.592
-1.581
-1.581
-1.581
-1.581
-1.592
-1.741
-1.942
-2.112
-2.112
-2.286
-2.361
-2.391
-2.391
-2.361
-2.438
-2.533
-2.578
-2.680
-2.681
-2.847
-2.847
-2.796
-2.875
-2.950
-2.950
-2.950
-2.875
-2.786
-2.786
-2.759
-2.759
-2.700
-2.564
-2.449
-2.390
-2.390
-2.449
-2.622
-2.832
-2.905
-3.099
-3.296
-3.328
-3.372
-3.372
-3.372
-3.372
-3.355
-3.304
-3.270
-3.221
-3.173
-3.121
-2.980
-2.952
-2.954
-2.980
-2.980
-2.863
-2.811
-2.719
-2.674
-2.674
-2.674
-2.516
-2.423
-2.337
-2.308
-2.308
-2.326
-2.326
-2.383
-2.481
-2.540
-2.562
-2.589
-2.592
-2.758
-2.957
-2.869
-2.869
-2.957
-2.991
-3.050
-3.127
-3.200
-3.200
-3.127
-3.050
-3.050
-2.946
-2.607
-2.607
-2.607
-2.607
-2.607
-2.714
-3.051
-3.051
-3.051
-3.051
-3.051
-2.731
-2.540
-2.540
-2.540
-2.540
-2.458
-2.540
-2.726
-2.786
-2.786
-2.875
-2.973
-2.973
-2.973
-2.875
-2.875
-2.816
-2.768
-2.857
-2.857
-2.600
-2.425
-2.425
-2.425
-2.537
-2.537
-2.537
-2.447
-2.447
-2.536
-2.536
-2.616
-2.616
-2.578
-2.488
-2.488
-2.402
-2.401
-2.170
-2.170
-2.279
-2.279
-2.279
-2.279
-2.296
-2.296
-2.356
-2.356
-2.356
-2.173
-2.094
-2.033
-1.853
-1.694
-1.664
-1.598
-1.598
-1.565
-1.565
-1.565
-1.565
-1.616
-1.787
-1.958
-2.116
-2.412
-2.412
-2.412
-2.412
-2.093
-1.931
-1.880
-1.696
-1.642
-1.549
-1.516
-1.409
-1.289
-1.173
-1.122
-1.052
-1.092
-1.092
-1.052
-1.052
-1.052
-0.975
-1.052
-1.054
-1.054
-1.167
-1.295
-1.407
-1.517
-1.605
-1.605
-1.605
-1.542
-1.487
-1.487
-1.282
-1.223
-1.223
-1.215
-1.093
-0.948
-0.816
-0.816
-0.808
-0.604
-0.604
-0.604
-0.604
-0.604
-0.683
-0.760
-0.841
-0.841
-0.841
-0.889
-0.983
-0.983
-0.983
-0.983
-0.983
-0.914
-0.848
-0.852
-0.852
-0.789
-0.764
-0.764
-0.764
-0.789
-0.852
-0.968
-0.909
-0.884
-1.085
-1.221
-1.301
-1.340
-1.340
-1.264
-1.139
-1.146
-1.146
-1.229
-1.229
-1.229
-1.146
-1.130
-1.106
-1.144
-1.229
-1.339
-1.397
-1.455
-1.503
-1.436
-1.436
-1.436
-1.436
-1.503
-1.503
-1.575
-1.697
-1.441
-1.190
-1.424
-1.620
-1.620
-1.620
-1.549
-1.320
-1.289
-1.289
-1.465
-1.549
-1.465
-1.289
-1.087
-0.970
-0.970
-0.885
-0.780
-0.630
-0.616
-0.616
-0.616
-0.727
-0.780
-0.889
-0.994
-1.039
-1.039
-1.039
-1.039
-1.004
-0.896
-0.896
-0.896
-0.896
-0.973
-1.035
-1.035
-1.035
-1.361
-1.361
-1.361
-1.186
-0.885
-0.722
-0.672
-0.672
-0.675
-0.616
-0.549
-0.549
-0.549
-0.692
-0.790
-0.790
-0.806
-0.910
-0.946
-1.110
-1.148
-1.344
-1.322
-1.148
-1.120
-1.120
-1.120
-1.129
-1.215
-1.092
-0.871
-0.868
-0.767
-0.896
-0.896
-0.896
-0.773
-0.773
-0.731
-0.731
-0.773
-0.773
-0.747
-0.478
-0.398
-0.398
0.026
0.026
-0.222
-0.570
-0.570
-0.570
-0.521
-0.521
-0.521
-0.521
-0.616
-0.786
-0.690
-0.690
-0.690
-0.690
-0.826
-0.826
-0.826
-0.826
-0.826
-0.730
-0.825
-0.791
-0.763
-0.763
-0.763
-0.705
-0.705
-0.825
-0.825
-0.825
-0.777
-0.777
-0.749
-0.749
-0.749
-0.793
-0.832
-0.832
-0.936
-1.137
-1.310
-1.444
-1.538
-1.651
-1.651
-1.651
-1.641
-1.626
-1.626
-1.626
-1.498
-1.498
-1.498
-1.498
-1.536
-1.664
-1.744
-1.853
-1.927
-2.042
-2.273
-2.471
-2.471
-2.471
-2.471
-2.236
-2.005
-1.829
-1.898
-1.898
-1.626
-1.626
-1.626
-1.730
-1.936
-2.169
-2.169
-2.250
-2.436
-2.388
-2.388
-2.627
-2.720
-2.601
-2.538
-2.616
-2.807
-2.969
-3.040
-3.285
-3.590
-3.590
-3.604
-3.662
-3.662
-3.580
-3.508
-3.508
-3.580
-3.403
-3.282
-3.402
-3.460
-3.482
-3.756
-3.822
-3.866
-3.881
-3.881
-3.881
-3.960
-4.016
-4.016
-4.074
-4.109
-4.109
-4.113
-4.284
-4.400
-4.484
-4.484
-4.323
-4.212
-4.175
-4.175
-4.175
-4.122
-4.122
-4.122
-4.122
-4.122
-4.246
-4.450
-4.496
-4.544
-4.544
-4.544
-4.544
-4.494
-4.461
-4.465
-4.465
-4.465
-4.456
-4.456
-4.456
-4.456
-4.465
-4.432
-4.432
-4.423
-4.423
-4.423
-4.462
-4.462
-4.533
-4.545
-4.713
-4.849
-4.933
-5.033
-5.033
-4.989
-4.963
-4.901
-4.963
-5.011
-5.035
-4.992
-4.963
-4.963
-4.988
-5.142
-5.142
-5.142
-4.983
-4.865
-4.760
-4.760
-4.760
-4.760
-4.760
-4.760
-4.760
-5.100
-5.461
-5.461
-5.461
-5.461
-5.461
-5.417
-5.419
-5.142
-4.849
-4.849
-4.849
-4.752
-4.720
-4.943
-5.134
-4.916
-4.720
-4.683
-4.651
-4.542
-4.419
-4.497
-4.497
-4.497
-4.497
-4.497
-4.679
-4.688
-4.688
-4.688
-4.688
-4.688
-4.524
-4.520
-4.520
-4.520
-4.520
-4.520
-4.608
-4.608
-4.608
-4.650
-4.650
-4.650
-4.547
-4.480
-4.461
-4.461
-4.461
-4.431
-4.431
-4.343
-4.235
-4.262
-4.343
-4.431
-4.464
-4.478
-4.563
-4.563
-4.563
-4.563
-4.568
-4.741
-4.657
-4.506
-4.412
-4.394
-4.350
-4.297
-4.329
-4.399
-4.482
-4.482
-4.332
-4.332
-4.332
-4.219
-4.432
-4.819
-4.819
-4.796
-4.646
-4.275
-4.350
-4.425
-4.425
-4.435
-4.435
-4.435
-4.435
-4.435
-4.677
-4.966
-4.966
-4.966
-4.966
-4.966
-4.959
-4.959
-4.965
-4.965
-4.895
-4.671
-4.895
-4.957
-4.718
-4.780
-4.818
-4.699
-4.588
-4.469
-4.570
-4.570
-4.461
-4.363
-4.350
-4.350
-4.350
-4.350
-4.472
-4.771
-4.653
-4.618
-4.618
-4.618
-4.727
-4.581
-4.581
-4.546
-4.393
-4.283
-4.393
-4.546
-4.624
-4.690
-4.690
-4.656
-4.494
-4.220
-4.318
-4.445
-4.381
-4.300
-4.038
-3.829
-3.801
-3.810
-4.038
-4.281
-4.344
-4.344
-4.263
-4.263
-4.263
-4.263
-4.379
-4.487
-4.487
-4.490
-4.475
-4.534
-4.534
-4.534
-4.534
-4.700
-4.545
-4.545
-4.545
-4.530
-4.513
-4.473
-4.437
-4.437
-4.437
-4.437
-4.437
-4.437
-4.373
-4.373
-4.431
-4.523
-4.688
-4.887
-4.918
-4.918
-4.864
-4.864
-4.864
-4.796
-4.394
-4.056
-4.056
-4.056
-3.921
-3.819
-3.781
-3.769
-3.718
-3.769
-3.919
-3.769
-3.718
-3.712
-3.712
-3.712
-3.728
-3.860
-3.860
-3.727
-3.727
-3.854
-3.971
-4.031
-4.093
-4.093
-4.093
-4.093
-4.093
-4.093
-4.093
-4.093
-4.138
-4.277
-4.277
-4.277
-4.415
-4.461
-4.473
-4.670
-4.788
-4.788
-4.788
-4.788
-4.788
-4.486
-4.368
-4.368
-4.368
-4.313
-4.313
-4.313
-4.313
-4.219
-4.219
-4.219
-4.219
-4.070
-3.918
-3.918
-3.918
-3.918
-4.082
-4.311
-4.547
-4.547
-4.487
-4.487
-4.547
-4.547
-4.508
-4.407
-4.332
-4.332
-4.288
-4.226
-4.226
-4.050
-3.942
-3.897
-3.798
-3.469
-3.469
-3.469
-3.469
-3.731
-3.731
-3.705
-3.705
-3.799
-4.049
-4.321
-4.451
-4.427
-4.427
-4.427
-4.427
-4.427
-4.335
-4.241
-4.241
-4.241
-4.241
-4.241
-4.351
-4.430
-4.475
-4.475
-4.625
-4.773
-4.773
-4.773
-4.711
-4.563
-4.469
-4.469
-4.479
-4.520
-4.479
-4.319
-4.232
-4.232
-4.232
-4.277
-4.277
-4.223
-4.137
-4.137
-4.141
-4.141
-4.141
-4.141
-4.142
-4.142
-4.198
-4.211
-4.211
-4.198
-4.154
-4.182
-4.183
-4.183
-4.266
-4.255
-4.172
-4.055
-3.936
-4.042
-4.172
-4.146
-4.092
-4.007
-3.822
-3.570
-3.822
-3.983
-4.059
-4.092
-4.092
-4.130
-4.270
-4.361
-4.361
-4.428
-4.509
-4.509
-4.428
-4.361
-4.273
-4.188
-4.112
-3.974
-3.974
-3.974
-3.974
-3.846
-3.885
-3.885
-3.885
-3.821
-3.821
-3.878
-3.878
-3.873
-3.873
-3.890
-4.026
-4.161
-4.161
-4.161
-4.087
-4.087
-3.950
-3.799
-3.445
-3.445
-3.445
-3.445
-3.445
-3.808
-3.948
-4.056
-4.089
-4.089
-4.089
-4.089
-3.971
-3.800
-3.599
-3.599
-3.599
-3.589
-3.589
-3.589
-3.739
-3.764
-3.764
-3.764
-3.771
-3.800
-3.822
-3.876
-3.925
-3.980
-3.932
-3.932
-3.932
-3.932
-3.898
-3.714
-3.602
-3.536
-3.377
-3.377
-3.377
-3.377
-3.270
-3.270
-3.329
-3.599
-3.705
-3.804
-3.923
-3.907
-3.782
-3.684
-3.684
-3.684
-3.558
-3.513
-3.513
-3.513
-3.384
-3.243
-3.218
-3.384
-3.513
-3.384
-3.288
-3.138
-3.138
-3.138
-3.440
-3.603
-3.653
-3.653
-3.713
-3.958
-4.168
-4.168
-4.168
-4.090
-3.933
-4.090
-4.273
-4.110
-3.976
-3.976
-3.976
-4.018
-4.018
-4.018
-4.018
-4.018
-4.018
-4.106
-4.293
-4.565
-4.293
-4.043
-4.150
-4.306
-4.400
-4.400
-4.244
-4.244
-4.244
-4.244
-4.306
-4.359
-4.400
-4.359
-4.701
-5.150
-5.172
-5.195
-4.724
-4.252
