0.319
0.319
0.319
0.319
0.319
0.086
-0.080
-0.092
-0.141
-0.161
-0.212
-0.227
-0.227
-0.227
-0.176
-0.095
-0.120
-0.202
-0.202
-0.202
-0.173
-0.116
-0.116
-0.173
-0.256
-0.332
-0.352
-0.368
-0.447
-0.499
-0.499
-0.527
-0.581
-0.612
-0.580
-0.527
-0.520
-0.443
-0.329
-0.188
-0.254
-0.254
-0.254
-0.254
-0.266
-0.434
-0.468
-0.498
-0.539
-0.568
-0.575
-0.596
-0.596
-0.627
-0.647
-0.661
-0.682
-0.747
-0.816
-0.816
-0.747
-0.829
-0.886
-0.886
-0.886
-0.844
-0.810
-0.810
-0.810
-0.810
-0.810
-0.787
-0.774
-0.761
-0.708
-0.669
-0.669
-0.669
-0.669
-0.683
-0.698
-0.729
-0.729
-0.729
-0.729
-0.763
-0.784
-0.840
-0.908
-0.913
-0.952
-0.960
-1.010
-1.016
-1.016
-1.016
-1.010
-1.010
-1.010
-1.016
-1.069
-1.076
-1.076
-1.038
-1.054
-1.061
-1.061
-1.061
-1.061
-0.993
-0.980
-0.968
-0.968
-0.968
-0.975
-0.981
-1.083
-1.083
-1.044
-0.993
-1.076
-1.127
-1.168
-1.168
-1.150
-1.112
-1.078
-1.078
-1.101
-1.154
-1.154
-1.103
-1.069
-1.064
-1.064
-1.056
-1.048
-0.924
-0.872
-0.872
-0.872
-0.872
-0.872
-0.934
-0.979
-0.979
-0.979
-1.007
-1.007
-0.965
-1.013
-1.015
-1.015
-1.015
-0.946
-0.946
-0.945
-0.988
-1.040
-1.040
-0.958
-0.906
-0.831
-0.736
-0.705
-0.747
-0.658
-0.620
-0.620
-0.620
-0.669
-0.747
-0.842
-0.842
-0.842
-0.831
-0.849
-0.863
-0.863
-0.863
-0.816
-0.784
-0.784
-0.816
-0.942
-1.007
-1.007
-1.007
-1.007
-1.007
-1.123
-1.123
-1.098
-0.982
-0.950
-0.903
-0.901
-0.815
-0.729
-0.663
-0.663
-0.663
-0.663
-0.665
-0.731
-0.815
-0.843
-0.843
-0.843
-0.843
-0.868
-0.868
-0.868
-0.857
-0.839
-0.801
-0.815
-0.883
-0.905
-0.910
-0.901
-0.878
-0.856
-0.799
-0.799
-0.799
-0.735
-0.735
-0.735
-0.735
-0.735
-0.735
-0.735
-0.654
-0.611
-0.711
-0.786
-0.759
-0.704
-0.704
-0.704
-0.743
-0.752
-0.752
-0.777
-0.752
-0.743
-0.742
-0.742
-0.749
-0.747
-0.699
-0.651
-0.641
-0.620
-0.596
-0.620
-0.634
-0.592
-0.560
-0.560
-0.560
-0.592
-0.628
-0.645
-0.645
-0.611
-0.611
-0.660
-0.721
-0.721
-0.760
-0.775
-0.775
-0.775
-0.796
-0.796
-0.796
-0.775
-0.735
-0.735
-0.705
-0.637
-0.565
-0.565
-0.554
-0.474
-0.387
-0.366
-0.366
-0.366
-0.366
-0.423
-0.464
-0.464
-0.464
-0.464
-0.464
-0.464
-0.492
-0.523
-0.523
-0.523
-0.523
-0.413
-0.416
-0.522
-0.522
-0.522
-0.459
-0.436
-0.412
-0.412
-0.436
-0.449
-0.432
-0.412
-0.432
-0.449
-0.449
-0.407
-0.407
-0.373
-0.373
-0.373
-0.401
-0.401
-0.286
-0.273
-0.365
-0.365
-0.365
-0.278
-0.278
-0.278
-0.278
-0.367
-0.405
-0.443
-0.422
-0.422
-0.422
-0.471
-0.471
-0.388
-0.388
-0.388
-0.399
-0.399
-0.485
-0.485
-0.485
-0.485
-0.485
-0.485
-0.509
-0.549
-0.487
-0.436
-0.379
-0.382
-0.430
-0.369
-0.367
-0.360
-0.290
-0.262
-0.290
-0.344
-0.398
-0.398
-0.398
-0.489
-0.600
-0.600
-0.600
-0.600
-0.600
-0.554
-0.510
-0.510
-0.510
-0.461
-0.461
-0.510
-0.518
-0.537
-0.537
-0.537
-0.537
-0.498
-0.455
-0.457
-0.457
-0.457
-0.457
-0.457
-0.457
-0.457
-0.457
-0.457
-0.463
-0.483
-0.483
-0.483
-0.448
-0.393
-0.393
-0.364
-0.428
-0.501
-0.436
-0.342
-0.331
-0.320
-0.304
-0.320
-0.329
-0.424
-0.422
-0.400
-0.400
-0.410
-0.482
-0.482
-0.482
-0.448
-0.400
-0.400
-0.362
-0.320
-0.320
-0.270
-0.270
-0.270
-0.322
-0.380
-0.431
-0.445
-0.505
-0.520
-0.542
-0.542
-0.542
-0.542
-0.542
-0.489
-0.411
-0.375
-0.333
-0.278
-0.232
-0.201
-0.100
-0.024
-0.024
-0.024
-0.024
-0.024
-0.142
-0.142
-0.142
-0.142
-0.160
-0.160
-0.098
-0.098
-0.098
-0.098
-0.098
-0.177
-0.329
-0.337
-0.381
-0.381
-0.381
-0.403
-0.412
-0.397
-0.366
-0.328
-0.328
-0.344
-0.329
-0.246
-0.246
-0.142
-0.142
-0.142
-0.218
-0.321
-0.321
-0.321
-0.392
-0.457
-0.478
-0.478
-0.478
-0.478
-0.478
-0.445
-0.392
-0.392
-0.392
-0.346
-0.324
-0.324
-0.348
-0.425
-0.439
-0.439
-0.439
-0.362
-0.362
-0.411
-0.484
-0.484
-0.436
-0.411
-0.420
-0.430
-0.430
-0.430
-0.426
-0.426
-0.426
-0.426
-0.397
-0.397
-0.371
-0.279
-0.247
-0.234
-0.138
-0.097
-0.079
-0.071
-0.031
0.037
0.085
0.121
0.106
0.106
0.106
-0.004
-0.150
-0.315
-0.418
-0.437
-0.472
-0.472
-0.472
-0.472
-0.499
-0.499
-0.463
-0.455
-0.339
-0.339
-0.339
-0.446
-0.504
-0.555
-0.555
-0.560
-0.560
-0.560
-0.560
-0.560
-0.480
-0.361
-0.306
-0.306
-0.306
-0.306
-0.306
-0.403
-0.456
-0.456
-0.456
-0.456
-0.456
-0.440
-0.402
-0.402
-0.402
-0.402
-0.402
-0.447
-0.447
-0.404
-0.404
-0.487
-0.525
-0.556
-0.487
-0.454
-0.391
-0.391
-0.372
-0.372
-0.372
-0.257
-0.237
-0.222
-0.207
-0.222
-0.222
-0.222
-0.248
-0.327
-0.412
-0.449
-0.449
-0.449
-0.449
-0.412
-0.348
-0.313
-0.313
-0.313
-0.296
-0.296
-0.296
-0.296
-0.296
-0.270
-0.287
-0.287
-0.287
-0.287
-0.366
-0.391
-0.500
-0.501
-0.501
-0.501
-0.520
-0.535
-0.573
-0.551
-0.551
-0.516
-0.399
-0.418
-0.536
-0.552
-0.583
-0.568
-0.552
-0.452
-0.477
-0.477
-0.477
-0.391
-0.349
-0.320
-0.316
-0.316
-0.316
-0.316
-0.316
-0.366
-0.416
-0.416
-0.416
-0.416
-0.416
-0.307
0.121
0.121
0.132
0.197
0.197
0.197
-0.078
-0.114
-0.143
-0.190
-0.190
-0.143
-0.114
-0.114
-0.088
-0.066
-0.066
-0.066
-0.066
-0.066
-0.119
-0.209
-0.209
-0.209
-0.209
-0.209
-0.166
-0.145
-0.077
-0.077
-0.077
-0.077
-0.077
-0.214
-0.375
-0.394
-0.394
-0.394
-0.394
-0.394
-0.310
-0.267
-0.200
-0.137
-0.102
-0.102
-0.137
-0.155
-0.205
-0.155
-0.137
-0.155
-0.186
-0.186
-0.186
-0.159
-0.154
-0.127
-0.127
-0.127
-0.109
-0.059
-0.025
-0.025
-0.025
0.008
0.020
0.020
0.020
-0.028
-0.028
-0.089
-0.113
-0.122
-0.152
-0.253
-0.327
-0.327
-0.261
-0.261
-0.302
-0.343
-0.302
-0.251
-0.211
-0.204
-0.194
-0.187
-0.150
-0.150
-0.150
-0.150
-0.104
-0.077
-0.057
-0.074
-0.119
-0.170
-0.170
-0.119
-0.049
0.019
0.019
-0.011
-0.082
-0.049
-0.049
-0.049
-0.136
-0.136
-0.136
-0.136
-0.136
-0.062
-0.014
0.101
0.101
0.101
0.119
0.291
0.467
0.594
0.656
0.553
0.484
0.312
0.312
0.390
0.457
0.277
0.131
0.052
0.052
0.052
0.110
0.189
0.271
0.339
0.400
0.400
0.400
0.400
0.400
0.350
0.187
0.034
-0.061
-0.061
-0.061
0.022
0.117
0.187
0.235
0.323
0.414
0.414
0.462
0.524
0.524
0.524
0.485
0.442
0.419
0.416
0.418
0.442
0.418
0.401
0.381
0.381
0.381
0.381
0.351
0.306
0.297
0.297
0.299
0.307
0.353
0.353
0.353
0.420
0.464
0.521
0.566
0.576
0.576
0.576
0.576
0.576
0.513
0.494
0.494
0.494
0.494
0.494
0.550
0.590
0.627
0.647
0.675
0.748
0.741
0.736
0.791
0.816
0.923
0.936
0.936
0.866
0.866
0.866
0.921
0.997
0.997
0.997
1.007
1.205
1.365
1.400
1.400
1.400
1.400
1.480
1.480
1.445
1.427
1.382
1.382
1.382
1.512
1.571
1.571
1.571
1.649
1.800
1.909
1.909
1.957
1.957
2.033
2.135
2.172
2.212
2.195
2.195
2.218
2.234
2.288
2.288
2.494
2.653
2.671
2.727
2.786
2.786
2.786
2.786
2.870
2.952
3.019
3.191
3.324
3.403
3.634
3.799
3.799
3.799
3.816
3.855
3.910
3.871
3.850
3.850
3.835
3.835
3.850
3.899
3.850
3.835
3.777
3.647
3.530
3.399
3.238
3.142
3.029
2.937
2.914
2.894
2.891
2.849
2.777
2.577
2.359
2.303
2.265
2.265
2.265
2.265
2.301
2.301
2.252
2.229
2.279
2.279
2.279
2.216
2.162
2.095
1.903
1.759
1.691
1.619
1.582
1.582
1.577
1.555
1.555
1.555
1.539
1.539
1.533
1.494
1.418
1.274
1.274
1.274
1.274
1.221
1.221
1.221
1.238
1.238
1.302
1.326
1.271
1.238
1.220
1.201
1.173
1.173
1.110
1.058
0.963
0.842
0.783
0.752
0.691
0.596
0.506
0.424
0.353
0.330
0.253
0.253
0.330
0.397
0.397
0.397
0.476
0.476
0.476
0.476
0.476
0.457
0.414
0.393
0.393
0.364
0.364
0.364
0.364
0.376
0.432
0.432
0.432
0.432
0.403
0.440
0.385
0.306
0.249
0.215
0.197
0.197
0.197
0.197
0.197
0.197
0.197
0.197
0.205
0.205
0.204
0.204
0.204
0.183
0.105
0.052
0.052
0.052
0.035
-0.000
-0.016
-0.031
-0.110
-0.168
-0.168
-0.240
-0.322
-0.332
-0.353
-0.343
-0.343
-0.343
-0.343
-0.332
-0.285
-0.229
-0.182
-0.141
-0.141
-0.141
-0.141
-0.175
-0.175
-0.213
-0.228
-0.247
-0.257
-0.286
-0.327
-0.349
-0.323
-0.323
-0.336
-0.395
-0.448
-0.459
-0.395
-0.336
-0.288
-0.288
-0.347
-0.371
-0.371
-0.313
-0.313
-0.281
-0.281
-0.286
-0.310
-0.310
-0.310
-0.333
-0.361
-0.361
-0.311
-0.311
-0.311
-0.302
-0.265
-0.225
-0.225
-0.225
-0.225
-0.225
-0.157
-0.259
-0.350
-0.422
-0.478
-0.514
-0.527
-0.493
-0.437
-0.501
-0.501
-0.501
-0.470
-0.387
-0.387
-0.387
-0.387
-0.468
-0.468
-0.428
-0.452
-0.504
-0.542
-0.607
-0.545
-0.545
-0.545
-0.545
-0.545
-0.545
-0.497
-0.265
-0.265
-0.265
-0.265
-0.265
-0.266
-0.498
-0.570
-0.649
-0.716
-0.716
-0.716
-0.716
-0.716
-0.596
-0.596
-0.519
-0.478
-0.478
-0.478
-0.556
-0.639
-0.639
-0.639
-0.639
-0.556
-0.453
-0.386
-0.331
-0.331
-0.331
-0.331
-0.318
-0.318
-0.369
-0.387
-0.400
-0.400
-0.432
-0.432
-0.432
-0.432
-0.482
-0.594
-0.596
-0.596
-0.596
-0.596
-0.596
-0.474
-0.474
-0.439
-0.423
-0.375
-0.373
-0.373
-0.421
-0.439
-0.452
-0.452
-0.452
-0.468
-0.468
-0.468
-0.490
-0.490
-0.490
-0.493
-0.493
-0.493
-0.493
-0.493
-0.493
-0.493
-0.474
-0.444
-0.423
-0.423
-0.437
-0.464
-0.464
-0.464
-0.481
-0.556
-0.611
-0.611
-0.611
-0.611
-0.611
-0.506
-0.420
-0.414
-0.414
-0.414
-0.414
-0.420
-0.420
-0.420
-0.426
-0.426
-0.420
-0.414
-0.353
-0.293
-0.281
-0.281
-0.289
-0.315
-0.315
-0.315
-0.405
-0.492
-0.528
-0.536
-0.536
-0.536
-0.542
-0.548
-0.548
-0.548
-0.487
-0.401
-0.361
-0.315
-0.234
-0.172
-0.167
-0.167
-0.123
-0.072
-0.037
-0.037
-0.056
-0.129
-0.173
-0.222
-0.288
-0.336
-0.399
-0.440
-0.457
-0.457
-0.454
-0.416
-0.336
-0.336
-0.416
-0.469
-0.459
-0.458
-0.458
-0.458
-0.458
-0.458
-0.458
-0.430
-0.407
-0.373
-0.333
-0.333
-0.333
-0.317
-0.317
-0.317
-0.317
-0.260
-0.162
-0.183
-0.153
-0.153
-0.153
-0.153
-0.221
-0.264
-0.288
-0.288
-0.288
-0.288
-0.288
-0.218
-0.212
-0.121
-0.060
0.002
0.002
0.002
0.056
0.058
0.004
-0.026
-0.026
-0.166
-0.166
-0.166
-0.055
0.016
-0.055
-0.098
-0.182
-0.151
-0.056
-0.007
0.051
-0.019
-0.019
-0.052
-0.052
-0.044
-0.044
-0.044
-0.058
-0.068
-0.106
-0.161
-0.193
-0.193
-0.193
-0.193
-0.191
-0.159
-0.114
-0.069
-0.015
0.033
0.033
0.033
-0.015
-0.024
0.002
-0.044
-0.081
-0.096
-0.099
-0.122
-0.122
-0.099
-0.099
-0.122
-0.145
-0.145
-0.145
-0.150
-0.102
-0.050
-0.110
-0.101
-0.034
-0.034
-0.019
-0.004
-0.019
-0.003
-0.019
-0.099
-0.109
-0.197
-0.228
-0.222
-0.222
-0.222
-0.210
-0.210
-0.189
-0.171
-0.067
0.068
0.094
0.094
0.047
-0.022
-0.022
-0.022
-0.086
-0.124
-0.151
-0.197
-0.197
-0.197
-0.151
-0.120
-0.082
-0.009
0.054
0.055
0.055
0.055
0.039
0.011
-0.062
-0.105
-0.196
-0.196
-0.196
-0.215
-0.215
-0.215
-0.285
-0.300
-0.248
-0.215
-0.248
-0.300
-0.339
-0.339
-0.353
-0.388
-0.388
-0.418
-0.432
-0.432
-0.418
-0.393
-0.393
-0.393
-0.309
-0.239
-0.199
-0.161
-0.161
-0.161
-0.120
-0.147
-0.147
-0.147
-0.216
-0.216
-0.241
-0.252
-0.255
-0.272
-0.272
-0.281
-0.306
-0.306
-0.334
-0.345
-0.354
-0.391
-0.414
-0.414
-0.414
-0.414
-0.397
-0.397
-0.397
-0.334
-0.271
-0.271
-0.271
-0.255
-0.263
-0.283
-0.311
-0.311
-0.290
-0.313
-0.339
-0.374
-0.391
-0.391
-0.360
-0.317
-0.249
-0.202
-0.104
-0.104
-0.104
-0.104
-0.104
-0.123
-0.123
-0.123
-0.155
-0.155
-0.155
-0.082
-0.003
-0.003
-0.003
-0.003
-0.054
-0.058
-0.058
-0.101
-0.155
-0.256
-0.256
-0.155
-0.101
-0.058
0.039
-0.004
-0.038
-0.038
0.065
0.104
0.104
0.104
0.065
0.025
-0.051
0.025
0.080
0.080
0.073
-0.051
-0.166
-0.166
-0.166
-0.122
-0.120
-0.167
-0.220
-0.244
-0.207
-0.154
-0.154
-0.209
-0.209
-0.209
-0.217
-0.217
-0.217
-0.217
-0.217
-0.217
-0.148
-0.117
-0.171
-0.272
-0.374
-0.407
-0.408
-0.274
-0.274
-0.274
-0.274
-0.262
-0.254
-0.221
-0.165
-0.038
0.055
-0.004
-0.069
-0.104
-0.139
-0.188
-0.188
-0.188
-0.126
-0.126
-0.174
-0.220
-0.336
-0.434
-0.408
-0.408
-0.348
-0.348
-0.404
-0.413
-0.419
-0.414
-0.404
-0.348
-0.353
-0.243
-0.183
-0.183
-0.183
-0.183
-0.183
-0.196
-0.230
-0.257
-0.257
-0.257
-0.257
-0.257
-0.257
-0.232
-0.158
-0.072
-0.054
-0.044
-0.028
-0.038
-0.064
-0.092
-0.064
-0.038
-0.064
-0.096
-0.171
-0.237
-0.237
-0.171
-0.106
-0.056
-0.159
-0.234
-0.248
-0.248
-0.237
-0.162
-0.125
-0.125
-0.143
-0.187
-0.100
0.010
0.086
0.127
0.237
0.237
0.116
0.091
0.091
0.213
0.213
0.081
0.041
0.028
0.013
0.028
0.041
0.041
0.167
0.167
0.190
0.242
0.272
0.272
0.272
0.209
0.126
0.054
0.005
-0.014
-0.017
-0.017
-0.017
-0.017
-0.007
-0.007
-0.007
-0.007
-0.007
-0.127
-0.167
-0.167
-0.167
-0.167
-0.178
-0.172
-0.101
-0.054
-0.006
0.020
0.079
0.052
0.052
0.076
0.104
0.191
0.191
0.191
0.169
0.103
0.076
0.016
-0.063
-0.063
-0.063
-0.063
-0.051
-0.008
-0.009
-0.021
0.022
0.040
0.040
0.040
0.022
-0.002
-0.020
-0.020
-0.005
-0.005
-0.005
-0.005
0.015
0.108
0.108
0.108
0.115
0.130
0.130
0.056
0.039
0.031
0.026
0.026
0.026
-0.040
-0.081
-0.092
-0.129
-0.092
-0.067
-0.016
-0.016
-0.016
0.175
0.329
0.332
0.332
0.332
0.332
0.330
0.267
0.093
-0.032
-0.032
-0.032
-0.032
-0.032
-0.048
-0.048
-0.126
-0.169
0.024
0.093
-0.058
-0.164
-0.164
-0.164
-0.058
0.027
0.075
0.075
0.027
0.020
0.064
0.064
0.041
0.022
0.022
0.022
0.022
0.065
0.103
0.129
0.161
0.161
0.168
0.219
0.204
0.340
0.414
0.327
0.204
0.154
0.154
0.164
0.164
0.164
0.183
0.158
0.158
0.183
0.220
0.242
0.214
0.214
0.214
0.190
0.093
0.051
0.051
0.051
0.051
0.051
0.174
0.229
0.229
0.229
0.229
0.229
0.131
0.088
0.075
0.055
0.055
0.055
0.055
0.007
-0.117
-0.131
-0.067
-0.049
-0.010
0.052
0.052
0.052
0.052
0.065
0.113
0.167
0.187
0.198
0.218
0.234
0.208
0.208
0.208
0.212
0.212
0.123
0.028
0.007
0.007
0.007
0.030
0.101
0.154
0.154
0.213
0.395
0.407
0.407
0.407
0.407
0.407
0.256
0.256
0.256
0.256
0.256
0.230
0.254
0.295
0.295
0.295
0.295
0.254
0.254
0.254
0.254
0.273
0.302
0.224
0.394
0.465
0.465
0.465
0.465
0.390
0.319
0.291
0.224
0.291
0.291
0.291
0.291
0.339
0.339
0.339
0.365
0.410
0.435
0.401
0.365
0.365
0.365
0.391
0.435
0.471
0.471
0.462
0.430
0.430
0.430
0.351
0.317
0.260
0.166
0.165
0.165
0.165
0.165
0.165
0.258
0.258
0.320
0.367
0.367
0.390
0.373
0.345
0.316
0.316
0.345
0.345
0.317
0.276
0.205
0.141
0.079
0.194
0.211
0.196
0.196
0.196
0.279
0.403
0.433
0.433
0.433
0.490
0.441
0.441
0.385
0.339
0.339
0.299
0.235
0.258
0.299
0.299
0.258
0.291
0.314
0.291
0.258
0.202
0.227
0.260
0.260
0.237
0.237
0.185
0.098
0.072
0.072
0.072
0.019
-0.012
-0.012
-0.012
0.019
0.072
0.082
0.040
0.040
0.040
0.040
0.040
0.020
0.020
0.020
-0.004
-0.028
-0.064
-0.110
-0.146
-0.146
-0.146
-0.075
-0.075
-0.171
-0.109
0.021
0.080
0.139
0.221
0.302
0.221
0.139
