0.548
0.175
-0.091
-0.111
-0.111
-0.111
-0.111
-0.111
-0.076
-0.076
-0.094
-0.162
0.032
0.074
-0.018
-0.162
-0.223
-0.223
-0.223
-0.318
-0.318
-0.228
-0.295
-0.381
-0.381
-0.381
-0.515
-0.622
-0.672
-0.661
-0.661
-0.672
-0.672
-0.672
-0.672
-0.661
-0.650
-0.650
-0.650
-0.567
-0.479
-0.479
-0.552
-0.646
-0.689
-0.689
-0.689
-0.696
-0.670
-0.670
-0.670
-0.670
-0.737
-0.789
-0.789
-0.935
-1.063
-1.158
-1.158
-1.158
-1.158
-1.158
-1.034
-0.961
-0.907
-0.747
-0.579
-0.572
-0.572
-0.576
-0.555
-0.524
-0.555
-0.555
-0.512
-0.555
-0.576
-0.607
-0.757
-0.757
-0.757
-0.757
-0.610
-0.522
-0.526
-0.526
-0.526
-0.429
-0.429
-0.526
-0.616
-0.817
-0.817
-0.817
-0.817
-0.734
-0.801
-0.915
-0.916
-0.816
-0.810
-0.810
-0.909
-0.909
-0.952
-1.003
-1.067
-1.085
-1.123
-1.165
-1.189
-1.189
-1.189
-1.189
-1.189
-1.023
-0.911
-0.911
-0.911
-0.911
-0.890
-0.763
-0.763
-0.763
-0.763
-0.723
-0.511
-0.377
-0.377
-0.377
-0.377
-0.511
-0.660
-0.661
-0.762
-0.809
-0.809
-0.809
-0.809
-0.809
-0.809
-0.809
-0.811
-0.882
-1.012
-1.126
-1.126
-1.126
-1.126
-1.037
-0.828
-0.720
-0.705
-0.634
-0.634
-0.561
-0.528
-0.528
-0.467
-0.467
-0.352
-0.252
-0.352
-0.352
-0.352
-0.176
0.141
0.578
0.578
0.170
-0.316
-0.316
-0.058
-0.058
-0.058
-0.316
-0.432
-0.432
-0.561
-0.657
-0.657
-0.657
-0.657
-0.584
-0.414
-0.019
0.341
0.341
0.341
0.341
0.341
0.154
-0.347
-0.722
-0.722
-0.722
-0.816
-0.900
-0.900
-0.902
-0.957
-1.027
-0.957
-0.840
-0.840
-0.840
-0.819
-0.578
-0.367
-0.272
-0.234
-0.193
-0.193
-0.193
-0.214
-0.272
-0.380
-0.571
-0.696
-0.767
-0.989
-1.113
-1.113
-1.113
-1.113
-1.113
-0.900
-0.845
-0.743
-0.743
-0.743
-0.677
-0.677
-0.774
-0.850
-0.869
-0.895
-0.920
-0.971
-0.995
-1.039
-1.039
-1.039
-1.018
-0.971
-0.971
-1.018
-1.056
-1.052
-0.898
-0.873
-0.941
-0.947
-0.947
-0.952
-0.952
-0.922
-0.873
-0.909
-0.912
-0.919
-0.919
-0.942
-0.942
-0.906
-0.832
-0.906
-0.906
-0.803
-0.674
-0.674
-0.674
-0.662
-0.685
-0.685
-0.685
-0.685
-0.606
-0.606
-0.606
-0.606
-0.606
-0.624
-0.624
-0.671
-0.671
-0.698
-0.698
-0.767
-0.786
-0.799
-0.780
-0.734
-0.670
-0.649
-0.566
-0.403
-0.548
-0.548
-0.548
-0.548
-0.689
-0.779
-0.931
-0.931
-0.995
-0.995
-0.995
-0.995
-1.045
-1.045
-1.045
-1.045
-0.977
-0.977
-0.962
-1.039
-1.039
-1.039
-0.987
-0.915
-0.915
-0.915
-0.987
-0.987
-0.978
-0.915
-0.915
-0.915
-0.880
-0.861
-0.825
-0.795
-0.795
-0.762
-0.728
-0.728
-0.728
-0.685
-0.746
-0.773
-0.808
-0.869
-0.792
-0.792
-0.792
-0.696
-0.594
-0.655
-0.708
-0.708
-0.532
-0.532
-0.653
-0.809
-0.809
-0.902
-0.948
-0.948
-0.847
-0.855
-0.855
-0.834
-0.692
-0.666
-0.666
-0.666
-0.666
-0.697
-0.761
-0.648
-0.619
-0.714
-0.761
-0.761
-0.714
-0.597
-0.489
-0.441
-0.230
-0.230
-0.265
-0.265
-0.255
-0.119
-0.284
-0.369
-0.383
-0.421
-0.473
-0.611
-0.421
-0.383
-0.383
-0.383
-0.367
-0.354
-0.320
-0.320
-0.320
-0.320
-0.451
-0.639
-0.576
-0.576
-0.576
-0.576
-0.576
-0.543
-0.473
-0.473
-0.431
-0.423
-0.414
-0.414
-0.416
-0.416
-0.457
-0.571
-0.738
-0.562
-0.562
-0.598
-0.766
-0.867
-0.867
-0.766
-0.867
-0.824
-0.625
-0.836
-1.012
-1.067
-1.012
-0.836
-0.625
-0.479
-0.382
-0.382
-0.602
-0.431
-0.382
-0.314
-0.314
-0.353
-0.390
-0.401
-0.579
-0.579
-0.579
-0.839
-0.987
-0.987
-0.987
-0.987
-0.987
-0.788
-0.613
-0.463
-0.236
-0.150
-0.150
-0.150
-0.236
-0.466
-0.517
-0.745
-0.800
-0.800
-0.800
-0.800
-0.771
-0.771
-0.771
-0.771
-0.757
-0.698
-0.641
-0.641
-0.641
-0.627
-0.492
-0.492
-0.492
-0.496
-0.578
-0.578
-0.436
-0.436
-0.506
-0.573
-0.627
-0.573
-0.506
-0.290
-0.092
-0.092
-0.205
-0.205
-0.205
-0.205
-0.205
-0.254
-0.254
-0.321
-0.384
-0.480
-0.659
-0.579
-0.507
-0.528
-0.564
-0.564
-0.564
-0.564
-0.564
-0.564
-0.564
-0.564
-0.564
-0.539
-0.544
-0.599
-0.617
-0.617
-0.617
-0.635
-0.669
-0.669
-0.669
-0.669
-0.552
-0.434
-0.434
-0.541
-0.488
-0.296
-0.296
-0.383
-0.595
-0.648
-0.806
-0.806
-0.984
-0.984
-0.984
-0.984
-0.984
-0.790
-0.611
-0.534
-0.534
-0.611
-0.611
-0.534
-0.487
-0.487
-0.487
-0.553
-0.679
-1.006
-0.891
-0.767
-0.634
-0.634
-0.634
-0.634
-0.767
-0.767
-0.767
-0.764
-0.764
-0.883
-0.883
-0.883
-0.930
-1.016
-1.028
-0.930
-0.893
-0.851
-0.746
-0.625
-0.532
-0.481
-0.360
-0.360
-0.360
-0.360
-0.354
-0.223
-0.319
-0.319
-0.280
-0.334
-0.468
-0.334
-0.280
-0.223
-0.238
-0.250
-0.250
-0.304
-0.259
-0.258
-0.258
-0.312
-0.323
-0.351
-0.400
-0.461
-0.510
-0.510
-0.510
-0.511
-0.554
-0.554
-0.536
-0.436
-0.377
-0.371
-0.358
-0.341
-0.162
0.122
0.172
0.172
0.040
-0.162
-0.341
-0.616
-0.592
-0.592
-0.773
-0.773
-0.773
-0.634
-0.553
-0.416
-0.323
-0.323
-0.416
-0.416
-0.323
-0.323
-0.442
-0.442
-0.553
-0.621
-0.660
-0.621
-0.553
-0.553
-0.553
-0.319
-0.106
-0.047
0.059
0.059
0.059
0.059
0.059
-0.036
-0.082
-0.194
-0.281
-0.281
-0.281
-0.281
-0.380
-0.380
-0.380
-0.401
-0.535
-0.535
-0.535
-0.535
-0.535
-0.535
-0.418
-0.221
-0.115
-0.115
-0.115
-0.115
-0.028
-0.121
-0.121
-0.286
-0.444
-0.444
-0.450
-0.445
-0.371
-0.371
-0.371
-0.371
-0.257
-0.188
-0.170
-0.170
-0.154
-0.140
0.098
0.344
0.344
0.344
0.109
-0.106
-0.008
-0.004
-0.074
-0.113
-0.173
-0.173
-0.138
-0.138
-0.138
-0.267
-0.338
-0.355
-0.560
-0.777
-0.777
-0.837
-0.886
-0.886
-0.886
-0.810
-0.680
-0.680
-0.684
-0.684
-0.880
-0.688
-0.614
-0.614
-0.614
-0.614
-0.483
-0.428
-0.428
-0.428
-0.428
-0.428
-0.428
-0.428
-0.428
-0.428
-0.356
-0.091
0.065
0.065
0.065
0.065
0.065
-0.105
-0.271
-0.360
-0.360
-0.360
-0.424
-0.486
-0.493
-0.493
-0.509
-0.509
-0.509
-0.577
-0.611
-0.721
-0.759
-0.652
-0.652
-0.652
-0.759
-0.916
-0.847
-0.639
-0.386
-0.386
-0.386
-0.620
-0.689
-0.689
-0.567
-0.432
-0.432
-0.432
-0.432
-0.348
-0.348
-0.348
-0.348
-0.268
-0.203
-0.203
-0.268
-0.457
-0.622
-0.622
-0.392
-0.223
-0.223
-0.292
-0.292
-0.292
-0.151
-0.035
-0.035
-0.048
-0.092
-0.092
-0.092
-0.092
-0.182
-0.287
-0.501
-0.655
-0.655
-0.655
-0.665
-0.702
-0.693
-0.693
-0.638
-0.523
-0.523
-0.523
-0.595
-0.367
-0.166
-0.166
-0.137
-0.137
-0.137
-0.131
-0.131
-0.131
-0.111
-0.090
-0.090
-0.090
-0.090
-0.090
-0.096
-0.096
-0.068
-0.056
-0.056
-0.061
-0.035
-0.035
-0.061
-0.096
-0.084
-0.108
-0.108
-0.108
-0.108
-0.062
-0.062
-0.062
-0.062
0.004
0.084
0.084
0.025
-0.113
-0.120
-0.261
-0.261
-0.261
-0.261
-0.261
-0.261
-0.310
-0.310
-0.336
-0.347
-0.349
-0.349
-0.292
-0.292
-0.389
-0.392
-0.297
-0.292
-0.170
-0.170
-0.020
0.043
-0.106
-0.106
0.009
0.119
0.119
0.119
0.119
0.119
0.050
-0.183
-0.183
-0.183
-0.069
-0.069
-0.069
-0.069
-0.069
0.186
0.251
0.317
0.363
0.399
0.462
0.453
0.453
0.453
0.363
0.255
0.255
0.265
0.178
0.178
0.178
0.178
0.178
0.178
0.178
0.097
0.097
-0.100
-0.286
-0.394
-0.434
-0.453
-0.447
-0.394
-0.286
-0.232
-0.232
-0.020
0.249
0.494
0.580
0.618
0.673
0.673
0.673
0.592
0.592
0.406
0.032
-0.183
-0.320
-0.320
-0.368
-0.407
-0.407
-0.368
-0.297
-0.225
-0.095
-0.095
-0.095
-0.126
-0.073
-0.073
-0.115
-0.115
-0.115
-0.115
-0.115
0.150
0.352
0.352
0.352
0.352
0.352
0.163
-0.082
-0.082
-0.082
-0.148
-0.148
-0.083
-0.006
0.051
0.069
0.192
0.329
0.329
0.232
0.232
0.210
0.047
0.047
0.047
0.224
0.155
0.048
0.039
0.152
0.296
0.365
0.365
0.296
0.152
-0.074
-0.252
-0.252
-0.252
-0.266
-0.266
-0.266
-0.305
-0.259
-0.203
-0.203
-0.203
-0.259
-0.203
-0.158
-0.158
-0.241
-0.293
-0.293
-0.328
-0.192
-0.128
-0.079
-0.079
-0.079
-0.079
0.004
0.063
0.096
0.096
0.183
0.287
0.330
0.330
0.330
0.307
0.307
0.307
0.368
0.422
0.422
0.652
0.773
0.860
0.916
0.972
1.031
1.048
1.048
1.004
0.972
0.972
0.972
0.989
1.048
0.950
0.612
0.530
0.530
0.798
1.027
1.193
1.209
1.190
1.030
1.190
1.209
1.216
1.260
1.275
1.242
1.334
1.488
1.489
1.489
1.489
1.489
1.489
1.489
1.636
1.804
2.256
2.785
3.057
3.057
3.057
3.057
3.057
2.906
2.906
2.941
2.941
2.941
2.941
3.326
3.652
3.778
3.908
4.076
4.098
4.227
4.242
4.404
4.562
4.685
4.950
5.095
5.130
5.214
5.282
5.604
6.074
6.205
6.253
6.277
6.280
6.280
6.298
6.298
6.405
6.523
6.577
6.655
6.679
6.728
6.728
6.728
6.728
6.848
6.965
7.032
6.928
6.790
6.662
6.475
6.361
6.352
6.140
6.058
5.938
5.882
5.870
5.831
5.727
5.571
5.519
5.507
5.428
5.424
5.424
5.339
5.424
5.477
5.477
5.477
5.426
5.373
5.348
5.309
5.188
4.935
4.428
4.056
3.982
3.840
3.840
3.697
3.606
3.606
3.503
3.503
3.503
3.503
3.395
3.348
3.267
3.207
3.151
3.026
2.901
2.775
2.772
2.772
2.772
2.772
2.873
2.873
2.772
2.873
3.001
3.124
3.124
3.124
2.904
2.578
2.421
2.421
2.421
2.421
2.367
2.234
2.121
2.028
1.937
1.780
1.780
1.842
1.776
1.776
1.776
1.776
1.776
1.810
2.027
2.252
2.315
2.373
2.422
2.422
2.422
2.422
2.422
2.237
2.009
2.009
1.955
1.955
1.955
1.955
1.955
1.955
2.035
2.099
2.196
2.421
2.695
2.853
2.714
2.642
2.642
2.642
2.695
2.466
2.383
2.340
2.340
2.340
2.370
2.318
2.318
2.318
2.165
2.028
2.172
2.307
2.307
2.307
2.307
2.886
3.041
3.041
3.041
3.041
3.041
3.041
3.041
3.041
2.927
2.927
2.975
3.107
3.247
3.247
3.247
3.247
3.247
3.127
3.127
3.199
3.199
3.199
3.218
3.381
3.458
3.458
3.646
3.952
4.076
4.245
4.748
4.748
4.748
4.480
4.480
4.608
4.757
4.919
4.892
4.757
4.722
4.810
4.810
4.810
4.810
4.857
4.857
4.857
4.939
5.139
5.246
5.246
5.246
5.249
5.249
5.249
5.119
5.035
4.997
4.923
4.833
4.833
4.940
4.940
4.940
4.994
4.994
5.085
5.234
5.292
5.292
5.253
5.085
4.848
4.713
4.600
4.564
4.321
4.321
4.321
4.298
4.298
4.285
4.285
4.285
4.435
4.435
4.484
4.484
4.484
4.484
4.484
4.533
4.540
4.540
4.729
4.925
4.998
4.925
4.729
4.729
4.729
4.620
4.349
4.227
4.089
4.089
4.089
4.089
4.108
4.180
4.180
4.314
4.396
4.571
4.593
4.593
4.418
4.377
4.377
4.119
3.594
3.594
3.594
3.594
3.594
3.608
3.786
3.786
3.786
3.786
3.786
3.553
3.262
3.180
3.152
3.148
3.148
3.139
3.082
3.015
2.954
2.954
2.937
2.869
2.785
2.663
2.609
2.609
2.650
2.772
2.734
2.644
2.582
2.623
2.734
2.734
2.734
2.718
2.718
2.636
2.590
2.590
2.496
2.301
2.201
2.153
2.153
1.899
1.656
1.656
1.627
1.534
1.491
1.491
1.491
1.527
1.570
1.625
1.625
1.625
1.697
1.697
1.697
1.697
1.536
1.536
1.536
1.549
1.712
1.712
1.549
1.549
1.549
1.642
1.642
1.502
1.435
1.374
1.204
1.204
1.216
1.435
1.489
1.489
1.537
1.537
1.537
1.571
1.571
1.571
1.488
1.393
1.393
1.393
1.393
1.475
1.547
1.547
1.618
1.672
1.784
1.956
1.956
1.956
1.956
1.858
1.858
1.858
1.858
1.917
1.976
1.976
2.037
2.070
2.112
2.246
2.379
2.379
2.379
2.379
2.379
2.379
2.225
1.925
1.675
1.675
1.675
1.779
1.958
1.958
2.075
2.002
1.893
2.002
2.076
2.076
2.002
1.893
1.761
1.800
1.800
1.694
1.694
1.694
1.694
1.812
1.858
1.858
1.858
1.858
1.780
1.780
1.603
1.468
1.363
1.181
1.027
0.940
0.940
0.940
0.765
0.765
0.940
1.043
1.078
1.191
1.283
1.283
1.191
1.167
1.167
1.046
0.974
0.974
0.974
0.974
0.887
0.798
0.798
0.738
0.735
0.735
0.918
0.918
0.918
0.918
0.918
0.918
0.918
0.990
1.226
1.391
1.391
1.133
0.830
0.830
0.847
0.850
0.909
0.909
0.909
0.909
1.111
1.206
1.206
1.206
1.206
1.206
0.980
0.967
0.739
0.694
0.694
0.694
0.694
0.730
0.881
0.881
0.881
0.730
0.881
1.094
0.881
0.743
0.769
0.769
0.769
1.102
1.201
1.201
1.052
1.052
1.052
1.076
1.076
1.076
1.020
0.979
0.957
0.995
0.995
0.995
0.989
0.943
0.901
0.849
0.823
0.849
0.894
0.894
0.894
0.894
0.894
0.894
0.867
0.918
0.918
0.932
0.932
0.932
0.970
1.019
1.105
1.105
1.105
1.105
1.130
1.130
1.130
1.105
1.082
0.927
0.690
0.632
0.675
0.675
0.675
0.675
0.675
0.689
0.844
0.844
0.844
0.844
0.844
0.790
0.610
0.530
0.511
0.511
0.511
0.511
0.596
0.596
0.596
0.596
0.596
0.528
0.408
0.408
0.408
0.408
0.408
0.682
0.952
0.952
1.065
1.153
1.153
1.153
1.219
1.250
1.250
1.183
1.183
1.250
1.323
1.323
1.411
1.411
1.411
1.262
1.073
1.004
1.213
1.229
1.229
1.218
1.146
1.146
1.146
1.146
1.124
1.124
0.972
0.938
0.900
0.900
0.832
0.742
0.663
0.579
0.579
0.695
0.695
0.695
0.719
0.579
0.453
0.471
0.611
0.859
0.859
0.872
0.862
0.860
0.860
0.874
0.907
0.945
0.945
0.945
0.966
1.014
1.070
1.100
1.100
1.100
1.100
1.122
1.122
1.122
1.162
1.185
1.132
1.106
1.012
1.012
1.182
1.182
1.182
1.182
1.182
1.211
1.211
1.211
1.211
1.211
1.004
0.801
0.800
0.800
0.800
0.800
0.806
0.806
0.806
0.806
0.806
0.818
0.725
0.616
0.616
0.616
0.616
0.703
0.703
0.703
0.703
0.703
0.858
0.982
1.030
1.030
1.030
1.194
1.305
1.305
1.305
1.145
1.030
1.051
1.018
0.867
0.759
0.757
0.757
0.773
0.773
0.773
0.795
0.795
0.795
0.846
0.953
1.054
1.054
0.921
0.921
0.921
1.054
1.054
0.988
0.963
0.963
0.963
1.077
1.186
1.220
1.275
1.363
1.363
1.363
1.431
1.431
1.335
1.270
1.201
1.201
1.175
1.163
1.229
1.229
1.229
1.229
1.229
1.229
1.229
1.183
1.077
1.004
1.004
1.004
1.004
1.087
1.188
1.188
1.288
1.457
1.618
1.635
1.561
1.544
1.544
1.544
1.561
1.560
1.462
1.343
1.343
1.298
1.236
1.243
1.343
1.438
1.416
1.450
1.473
1.511
1.558
1.622
1.622
1.622
1.520
1.619
1.817
1.817
1.778
1.603
1.433
1.433
1.579
1.579
1.579
1.438
1.431
1.431
1.438
1.438
1.438
1.438
1.438
1.431
1.450
1.469
1.481
1.477
1.458
1.535
1.535
1.458
1.556
1.750
1.553
1.411
1.411
1.495
1.495
1.411
1.350
1.332
1.232
1.232
1.332
1.420
1.420
1.420
1.500
1.599
1.599
1.599
1.599
1.599
1.545
1.215
0.984
0.923
0.913
0.859
0.780
0.859
0.896
0.867
0.922
0.883
0.883
0.883
0.835
0.883
0.963
0.963
0.963
1.076
0.996
0.958
0.973
1.103
1.182
1.182
1.112
1.096
1.096
1.096
1.145
1.203
1.272
1.377
1.377
1.272
1.272
1.272
1.203
1.185
1.130
1.045
0.968
0.968
0.950
0.950
0.995
1.045
1.045
1.027
0.950
1.058
1.198
1.290
1.342
1.290
1.066
0.840
0.840
0.921
1.023
1.023
1.023
0.921
0.821
0.677
0.709
0.866
1.015
0.965
0.965
0.901
0.760
0.760
0.760
0.760
0.869
0.869
0.869
0.898
0.724
0.523
0.530
0.474
0.474
0.417
0.393
0.393
0.393
0.393
0.460
0.558
0.637
0.637
0.652
0.652
0.652
0.652
0.642
0.637
0.642
0.641
0.621
0.382
0.103
0.786
1.469
