1419.205
1419.206
1419.207
1419.209
1419.210
1419.211
1419.212
1419.213
1419.214
1419.216
1419.217
1419.218
1419.219
1419.220
1419.221
1419.223
1419.224
1419.225
1419.226
1419.227
1419.228
1419.230
1419.231
1419.232
1419.233
1419.234
1419.235
1419.237
1419.238
1419.239
1419.240
1419.241
1419.242
1419.244
1419.245
1419.246
1419.247
1419.248
1419.250
1419.251
1419.252
1419.253
1419.254
1419.255
1419.257
1419.258
1419.259
1419.260
1419.261
1419.262
1419.264
1419.265
1419.266
1419.267
1419.268
1419.269
1419.271
1419.272
1419.273
1419.274
1419.275
1419.276
1419.278
1419.279
1419.280
1419.281
1419.282
1419.284
1419.285
1419.286
1419.287
1419.288
1419.289
1419.291
1419.292
1419.293
1419.294
1419.295
1419.296
1419.298
1419.299
1419.300
1419.301
1419.302
1419.303
1419.305
1419.306
1419.307
1419.308
1419.309
1419.310
1419.312
1419.313
1419.314
1419.315
1419.316
1419.317
1419.319
1419.320
1419.321
1419.322
1419.323
1419.325
1419.326
1419.327
1419.328
1419.329
1419.330
1419.332
1419.333
1419.334
1419.335
1419.336
1419.337
1419.339
1419.340
1419.341
1419.342
1419.343
1419.344
1419.346
1419.347
1419.348
1419.349
1419.350
1419.351
1419.353
1419.354
1419.355
1419.356
1419.357
1419.359
1419.360
1419.361
1419.362
1419.363
1419.364
1419.366
1419.367
1419.368
1419.369
1419.370
1419.371
1419.373
1419.374
1419.375
1419.376
1419.377
1419.378
1419.380
1419.381
1419.382
1419.383
1419.384
1419.385
1419.387
1419.388
1419.389
1419.390
1419.391
1419.392
1419.394
1419.395
1419.396
1419.397
1419.398
1419.400
1419.401
1419.402
1419.403
1419.404
1419.405
1419.407
1419.408
1419.409
1419.410
1419.411
1419.412
1419.414
1419.415
1419.416
1419.417
1419.418
1419.419
1419.421
1419.422
1419.423
1419.424
1419.425
1419.426
1419.428
1419.429
1419.430
1419.431
1419.432
1419.434
1419.435
1419.436
1419.437
1419.438
1419.439
1419.441
1419.442
1419.443
1419.444
1419.445
1419.446
1419.448
1419.449
1419.450
1419.451
1419.452
1419.453
1419.455
1419.456
1419.457
1419.458
1419.459
1419.460
1419.462
1419.463
1419.464
1419.465
1419.466
1419.467
1419.469
1419.470
1419.471
1419.472
1419.473
1419.475
1419.476
1419.477
1419.478
1419.479
1419.480
1419.482
1419.483
1419.484
1419.485
1419.486
1419.487
1419.489
1419.490
1419.491
1419.492
1419.493
1419.494
1419.496
1419.497
1419.498
1419.499
1419.500
1419.501
1419.503
1419.504
1419.505
1419.506
1419.507
1419.509
1419.510
1419.511
1419.512
1419.513
1419.514
1419.516
1419.517
1419.518
1419.519
1419.520
1419.521
1419.523
1419.524
1419.525
1419.526
1419.527
1419.528
1419.530
1419.531
1419.532
1419.533
1419.534
1419.535
1419.537
1419.538
1419.539
1419.540
1419.541
1419.543
1419.544
1419.545
1419.546
1419.547
1419.548
1419.550
1419.551
1419.552
1419.553
1419.554
1419.555
1419.557
1419.558
1419.559
1419.560
1419.561
1419.562
1419.564
1419.565
1419.566
1419.567
1419.568
1419.569
1419.571
1419.572
1419.573
1419.574
1419.575
1419.576
1419.578
1419.579
1419.580
1419.581
1419.582
1419.584
1419.585
1419.586
1419.587
1419.588
1419.589
1419.591
1419.592
1419.593
1419.594
1419.595
1419.596
1419.598
1419.599
1419.600
1419.601
1419.602
1419.603
1419.605
1419.606
1419.607
1419.608
1419.609
1419.610
1419.612
1419.613
1419.614
1419.615
1419.616
1419.617
1419.619
1419.620
1419.621
1419.622
1419.623
1419.625
1419.626
1419.627
1419.628
1419.629
1419.630
1419.632
1419.633
1419.634
1419.635
1419.636
1419.637
1419.639
1419.640
1419.641
1419.642
1419.643
1419.644
1419.646
1419.647
1419.648
1419.649
1419.650
1419.651
1419.653
1419.654
1419.655
1419.656
1419.657
1419.659
1419.660
1419.661
1419.662
1419.663
1419.664
1419.666
1419.667
1419.668
1419.669
1419.670
1419.671
1419.673
1419.674
1419.675
1419.676
1419.677
1419.678
1419.680
1419.681
1419.682
1419.683
1419.684
1419.685
1419.687
1419.688
1419.689
1419.690
1419.691
1419.692
1419.694
1419.695
1419.696
1419.697
1419.698
1419.700
1419.701
1419.702
1419.703
1419.704
1419.705
1419.707
1419.708
1419.709
1419.710
1419.711
1419.712
1419.714
1419.715
1419.716
1419.717
1419.718
1419.719
1419.721
1419.722
1419.723
1419.724
1419.725
1419.726
1419.728
1419.729
1419.730
1419.731
1419.732
1419.734
1419.735
1419.736
1419.737
1419.738
1419.739
1419.741
1419.742
1419.743
1419.744
1419.745
1419.746
1419.748
1419.749
1419.750
1419.751
1419.752
1419.753
1419.755
1419.756
1419.757
1419.758
1419.759
1419.760
1419.762
1419.763
1419.764
1419.765
1419.766
1419.767
1419.769
1419.770
1419.771
1419.772
1419.773
1419.775
1419.776
1419.777
1419.778
1419.779
1419.780
1419.782
1419.783
1419.784
1419.785
1419.786
1419.787
1419.789
1419.790
1419.791
1419.792
1419.793
1419.794
1419.796
1419.797
1419.798
1419.799
1419.800
1419.801
1419.803
1419.804
1419.805
1419.806
1419.807
1419.809
1419.810
1419.811
1419.812
1419.813
1419.814
1419.816
1419.817
1419.818
1419.819
1419.820
1419.821
1419.823
1419.824
1419.825
1419.826
1419.827
1419.828
1419.830
1419.831
1419.832
1419.833
1419.834
1419.835
1419.837
1419.838
1419.839
1419.840
1419.841
1419.842
1419.844
1419.845
1419.846
1419.847
1419.848
1419.850
1419.851
1419.852
1419.853
1419.854
1419.855
1419.857
1419.858
1419.859
1419.860
1419.861
1419.862
1419.864
1419.865
1419.866
1419.867
1419.868
1419.869
1419.871
1419.872
1419.873
1419.874
1419.875
1419.876
1419.878
1419.879
1419.880
1419.881
1419.882
1419.884
1419.885
1419.886
1419.887
1419.888
1419.889
1419.891
1419.892
1419.893
1419.894
1419.895
1419.896
1419.898
1419.899
1419.900
1419.901
1419.902
1419.903
1419.905
1419.906
1419.907
1419.908
1419.909
1419.910
1419.912
1419.913
1419.914
1419.915
1419.916
1419.918
1419.919
1419.920
1419.921
1419.922
1419.923
1419.925
1419.926
1419.927
1419.928
1419.929
1419.930
1419.932
1419.933
1419.934
1419.935
1419.936
1419.937
1419.939
1419.940
1419.941
1419.942
1419.943
1419.944
1419.946
1419.947
1419.948
1419.949
1419.950
1419.951
1419.953
1419.954
1419.955
1419.956
1419.957
1419.959
1419.960
1419.961
1419.962
1419.963
1419.964
1419.966
1419.967
1419.968
1419.969
1419.970
1419.971
1419.973
1419.974
1419.975
1419.976
1419.977
1419.978
1419.980
1419.981
1419.982
1419.983
1419.984
1419.985
1419.987
1419.988
1419.989
1419.990
1419.991
1419.992
1419.994
1419.995
1419.996
1419.997
1419.998
1420.000
1420.001
1420.002
1420.003
1420.004
1420.005
1420.007
1420.008
1420.009
1420.010
1420.011
1420.012
1420.014
1420.015
1420.016
1420.017
1420.018
1420.019
1420.021
1420.022
1420.023
1420.024
1420.025
1420.026
1420.028
1420.029
1420.030
1420.031
1420.032
1420.034
1420.035
1420.036
1420.037
1420.038
1420.039
1420.041
1420.042
1420.043
1420.044
1420.045
1420.046
1420.048
1420.049
1420.050
1420.051
1420.052
1420.053
1420.055
1420.056
1420.057
1420.058
1420.059
1420.060
1420.062
1420.063
1420.064
1420.065
1420.066
1420.067
1420.069
1420.070
1420.071
1420.072
1420.073
1420.075
1420.076
1420.077
1420.078
1420.079
1420.080
1420.082
1420.083
1420.084
1420.085
1420.086
1420.087
1420.089
1420.090
1420.091
1420.092
1420.093
1420.094
1420.096
1420.097
1420.098
1420.099
1420.100
1420.101
1420.103
1420.104
1420.105
1420.106
1420.107
1420.109
1420.110
1420.111
1420.112
1420.113
1420.114
1420.116
1420.117
1420.118
1420.119
1420.120
1420.121
1420.123
1420.124
1420.125
1420.126
1420.127
1420.128
1420.130
1420.131
1420.132
1420.133
1420.134
1420.135
1420.137
1420.138
1420.139
1420.140
1420.141
1420.142
1420.144
1420.145
1420.146
1420.147
1420.148
1420.150
1420.151
1420.152
1420.153
1420.154
1420.155
1420.157
1420.158
1420.159
1420.160
1420.161
1420.162
1420.164
1420.165
1420.166
1420.167
1420.168
1420.169
1420.171
1420.172
1420.173
1420.174
1420.175
1420.176
1420.178
1420.179
1420.180
1420.181
1420.182
1420.184
1420.185
1420.186
1420.187
1420.188
1420.189
1420.191
1420.192
1420.193
1420.194
1420.195
1420.196
1420.198
1420.199
1420.200
1420.201
1420.202
1420.203
1420.205
1420.206
1420.207
1420.208
1420.209
1420.210
1420.212
1420.213
1420.214
1420.215
1420.216
1420.217
1420.219
1420.220
1420.221
1420.222
1420.223
1420.225
1420.226
1420.227
1420.228
1420.229
1420.230
1420.232
1420.233
1420.234
1420.235
1420.236
1420.237
1420.239
1420.240
1420.241
1420.242
1420.243
1420.244
1420.246
1420.247
1420.248
1420.249
1420.250
1420.251
1420.253
1420.254
1420.255
1420.256
1420.257
1420.259
1420.260
1420.261
1420.262
1420.263
1420.264
1420.266
1420.267
1420.268
1420.269
1420.270
1420.271
1420.273
1420.274
1420.275
1420.276
1420.277
1420.278
1420.280
1420.281
1420.282
1420.283
1420.284
1420.285
1420.287
1420.288
1420.289
1420.290
1420.291
1420.293
1420.294
1420.295
1420.296
1420.297
1420.298
1420.300
1420.301
1420.302
1420.303
1420.304
1420.305
1420.307
1420.308
1420.309
1420.310
1420.311
1420.312
1420.314
1420.315
1420.316
1420.317
1420.318
1420.319
1420.321
1420.322
1420.323
1420.324
1420.325
1420.326
1420.328
1420.329
1420.330
1420.331
1420.332
1420.334
1420.335
1420.336
1420.337
1420.338
1420.339
1420.341
1420.342
1420.343
1420.344
1420.345
1420.346
1420.348
1420.349
1420.350
1420.351
1420.352
1420.353
1420.355
1420.356
1420.357
1420.358
1420.359
1420.360
1420.362
1420.363
1420.364
1420.365
1420.366
1420.367
1420.369
1420.370
1420.371
1420.372
1420.373
1420.375
1420.376
1420.377
1420.378
1420.379
1420.380
1420.382
1420.383
1420.384
1420.385
1420.386
1420.387
1420.389
1420.390
1420.391
1420.392
1420.393
1420.394
1420.396
1420.397
1420.398
1420.399
1420.400
1420.401
1420.403
1420.404
1420.405
1420.406
1420.407
1420.409
1420.410
1420.411
1420.412
1420.413
1420.414
1420.416
1420.417
1420.418
1420.419
1420.420
1420.421
1420.423
1420.424
1420.425
1420.426
1420.427
1420.428
1420.430
1420.431
1420.432
1420.433
1420.434
1420.435
1420.437
1420.438
1420.439
1420.440
1420.441
1420.442
1420.444
1420.445
1420.446
1420.447
1420.448
1420.450
1420.451
1420.452
1420.453
1420.454
1420.455
1420.457
1420.458
1420.459
1420.460
1420.461
1420.462
1420.464
1420.465
1420.466
1420.467
1420.468
1420.469
1420.471
1420.472
1420.473
1420.474
1420.475
1420.476
1420.478
1420.479
1420.480
1420.481
1420.482
1420.484
1420.485
1420.486
1420.487
1420.488
1420.489
1420.491
1420.492
1420.493
1420.494
1420.495
1420.496
1420.498
1420.499
1420.500
1420.501
1420.502
1420.503
1420.505
1420.506
1420.507
1420.508
1420.509
1420.510
1420.512
1420.513
1420.514
1420.515
1420.516
1420.517
1420.519
1420.520
1420.521
1420.522
1420.523
1420.525
1420.526
1420.527
1420.528
1420.529
1420.530
1420.532
1420.533
1420.534
1420.535
1420.536
1420.537
1420.539
1420.540
1420.541
1420.542
1420.543
1420.544
1420.546
1420.547
1420.548
1420.549
1420.550
1420.551
1420.553
1420.554
1420.555
1420.556
1420.557
1420.559
1420.560
1420.561
1420.562
1420.563
1420.564
1420.566
1420.567
1420.568
1420.569
1420.570
1420.571
1420.573
1420.574
1420.575
1420.576
1420.577
1420.578
1420.580
1420.581
1420.582
1420.583
1420.584
1420.585
1420.587
1420.588
1420.589
1420.590
1420.591
1420.592
1420.594
1420.595
1420.596
1420.597
1420.598
1420.600
1420.601
1420.602
1420.603
1420.604
1420.605
1420.607
1420.608
1420.609
1420.610
1420.611
1420.612
1420.614
1420.615
1420.616
1420.617
1420.618
1420.619
1420.621
1420.622
1420.623
1420.624
1420.625
1420.626
1420.628
1420.629
1420.630
1420.631
1420.632
1420.634
1420.635
1420.636
1420.637
1420.638
1420.639
1420.641
1420.642
1420.643
1420.644
1420.645
1420.646
1420.648
1420.649
1420.650
1420.651
1420.652
1420.653
1420.655
1420.656
1420.657
1420.658
1420.659
1420.660
1420.662
1420.663
1420.664
1420.665
1420.666
1420.668
1420.669
1420.670
1420.671
1420.672
1420.673
1420.675
1420.676
1420.677
1420.678
1420.679
1420.680
1420.682
1420.683
1420.684
1420.685
1420.686
1420.687
1420.689
1420.690
1420.691
1420.692
1420.693
1420.694
1420.696
1420.697
1420.698
1420.699
1420.700
1420.701
1420.703
1420.704
1420.705
1420.706
1420.707
1420.709
1420.710
1420.711
1420.712
1420.713
1420.714
1420.716
1420.717
1420.718
1420.719
1420.720
1420.721
1420.723
1420.724
1420.725
1420.726
1420.727
1420.728
1420.730
1420.731
1420.732
1420.733
1420.734
1420.735
1420.737
1420.738
1420.739
1420.740
1420.741
1420.742
1420.744
1420.745
1420.746
1420.747
1420.748
1420.750
1420.751
1420.752
1420.753
1420.754
1420.755
1420.757
1420.758
1420.759
1420.760
1420.761
1420.762
1420.764
1420.765
1420.766
1420.767
1420.768
1420.769
1420.771
1420.772
1420.773
1420.774
1420.775
1420.776
1420.778
1420.779
1420.780
1420.781
1420.782
1420.784
1420.785
1420.786
1420.787
1420.788
1420.789
1420.791
1420.792
1420.793
1420.794
1420.795
1420.796
1420.798
1420.799
1420.800
1420.801
1420.802
1420.803
1420.805
1420.806
1420.807
1420.808
1420.809
1420.810
1420.812
1420.813
1420.814
1420.815
1420.816
1420.817
1420.819
1420.820
1420.821
1420.822
1420.823
1420.825
1420.826
1420.827
1420.828
1420.829
1420.830
1420.832
1420.833
1420.834
1420.835
1420.836
1420.837
1420.839
1420.840
1420.841
1420.842
1420.843
1420.844
1420.846
1420.847
1420.848
1420.849
1420.850
1420.851
1420.853
1420.854
1420.855
1420.856
1420.857
1420.859
1420.860
1420.861
1420.862
1420.863
1420.864
1420.866
1420.867
1420.868
1420.869
1420.870
1420.871
1420.873
1420.874
1420.875
1420.876
1420.877
1420.878
1420.880
1420.881
1420.882
1420.883
1420.884
1420.885
1420.887
1420.888
1420.889
1420.890
1420.891
1420.892
1420.894
1420.895
1420.896
1420.897
1420.898
1420.900
1420.901
1420.902
1420.903
1420.904
1420.905
1420.907
1420.908
1420.909
1420.910
1420.911
1420.912
1420.914
1420.915
1420.916
1420.917
1420.918
1420.919
1420.921
1420.922
1420.923
1420.924
1420.925
1420.926
1420.928
1420.929
1420.930
1420.931
1420.932
1420.934
1420.935
1420.936
1420.937
1420.938
1420.939
1420.941
1420.942
1420.943
1420.944
1420.945
1420.946
1420.948
1420.949
1420.950
1420.951
1420.952
1420.953
1420.955
1420.956
1420.957
1420.958
1420.959
1420.960
1420.962
1420.963
1420.964
1420.965
1420.966
1420.967
1420.969
1420.970
1420.971
1420.972
1420.973
1420.975
1420.976
1420.977
1420.978
1420.979
1420.980
1420.982
1420.983
1420.984
1420.985
1420.986
1420.987
1420.989
1420.990
1420.991
1420.992
1420.993
1420.994
1420.996
1420.997
1420.998
1420.999
1421.000
1421.001
1421.003
1421.004
1421.005
1421.006
1421.007
1421.009
1421.010
1421.011
1421.012
1421.013
1421.014
1421.016
1421.017
1421.018
1421.019
1421.020
1421.021
1421.023
1421.024
1421.025
1421.026
1421.027
1421.028
1421.030
1421.031
1421.032
1421.033
1421.034
1421.035
1421.037
1421.038
1421.039
1421.040
1421.041
1421.043
1421.044
1421.045
1421.046
1421.047
1421.048
1421.050
1421.051
1421.052
1421.053
1421.054
1421.055
1421.057
1421.058
1421.059
1421.060
1421.061
1421.062
1421.064
1421.065
1421.066
1421.067
1421.068
1421.069
1421.071
1421.072
1421.073
1421.074
1421.075
1421.076
1421.078
1421.079
1421.080
1421.081
1421.082
1421.084
1421.085
1421.086
1421.087
1421.088
1421.089
1421.091
1421.092
1421.093
1421.094
1421.095
1421.096
1421.098
1421.099
1421.100
1421.101
1421.102
1421.103
1421.105
1421.106
1421.107
1421.108
1421.109
1421.110
1421.112
1421.113
1421.114
1421.115
1421.116
1421.117
1421.119
1421.120
1421.121
1421.122
1421.123
1421.125
1421.126
1421.127
1421.128
1421.129
1421.130
1421.132
1421.133
1421.134
1421.135
1421.136
1421.137
1421.139
1421.140
1421.141
1421.142
1421.143
1421.144
1421.146
1421.147
1421.148
1421.149
1421.150
1421.151
1421.153
1421.154
1421.155
1421.156
1421.157
1421.159
1421.160
1421.161
1421.162
1421.163
1421.164
1421.166
1421.167
1421.168
1421.169
1421.170
1421.171
1421.173
1421.174
1421.175
1421.176
1421.177
1421.178
1421.180
1421.181
1421.182
1421.183
1421.184
1421.185
1421.187
1421.188
1421.189
1421.190
1421.191
1421.192
1421.194
1421.195
1421.196
1421.197
1421.198
1421.200
1421.201
1421.202
1421.203
1421.204
1421.205
1421.207
1421.208
1421.209
1421.210
1421.211
1421.212
1421.214
1421.215
1421.216
1421.217
1421.218
1421.219
1421.221
1421.222
1421.223
1421.224
1421.225
1421.226
1421.228
1421.229
1421.230
1421.231
1421.232
1421.234
1421.235
1421.236
1421.237
1421.238
1421.239
1421.241
1421.242
1421.243
1421.244
1421.245
1421.246
1421.248
1421.249
1421.250
1421.251
1421.252
1421.253
1421.255
1421.256
1421.257
1421.258
1421.259
1421.260
1421.262
1421.263
1421.264
1421.265
1421.266
1421.267
1421.269
1421.270
1421.271
1421.272
1421.273
1421.275
1421.276
1421.277
1421.278
1421.279
1421.280
1421.282
1421.283
1421.284
1421.285
1421.286
1421.287
1421.289
1421.290
1421.291
1421.292
1421.293
1421.294
1421.296
1421.297
1421.298
1421.299
1421.300
1421.301
1421.303
1421.304
1421.305
1421.306
1421.307
1421.309
1421.310
1421.311
1421.312
1421.313
1421.314
1421.316
1421.317
1421.318
1421.319
1421.320
1421.321
1421.323
1421.324
1421.325
1421.326
1421.327
1421.328
1421.330
1421.331
1421.332
1421.333
1421.334
1421.335
1421.337
1421.338
1421.339
1421.340
1421.341
1421.342
1421.344
1421.345
1421.346
1421.347
1421.348
1421.350
1421.351
1421.352
1421.353
1421.354
1421.355
1421.357
1421.358
1421.359
1421.360
1421.361
1421.362
1421.364
1421.365
1421.366
1421.367
1421.368
1421.369
1421.371
1421.372
1421.373
1421.374
1421.375
1421.376
1421.378
1421.379
1421.380
1421.381
1421.382
1421.384
1421.385
1421.386
1421.387
1421.388
1421.389
1421.391
1421.392
1421.393
1421.394
1421.395
1421.396
1421.398
1421.399
1421.400
1421.401
1421.402
1421.403
1421.405
1421.406
1421.407
1421.408
1421.409
1421.410
1421.412
1421.413
1421.414
1421.415
1421.416
1421.418
1421.419
1421.420
1421.421
1421.422
1421.423
1421.425
1421.426
1421.427
1421.428
1421.429
1421.430
1421.432
1421.433
1421.434
1421.435
1421.436
1421.437
1421.439
1421.440
1421.441
1421.442
1421.443
1421.444
1421.446
1421.447
1421.448
1421.449
1421.450
1421.451
1421.453
1421.454
1421.455
1421.456
1421.457
1421.459
1421.460
1421.461
1421.462
1421.463
1421.464
1421.466
1421.467
1421.468
1421.469
1421.470
1421.471
1421.473
1421.474
1421.475
1421.476
1421.477
1421.478
1421.480
1421.481
1421.482
1421.483
1421.484
1421.485
1421.487
1421.488
1421.489
1421.490
1421.491
1421.492
1421.494
1421.495
1421.496
1421.497
1421.498
1421.500
1421.501
1421.502
1421.503
1421.504
1421.505
1421.507
1421.508
1421.509
1421.510
1421.511
1421.512
1421.514
1421.515
1421.516
1421.517
1421.518
1421.519
1421.521
1421.522
1421.523
1421.524
1421.525
1421.526
1421.528
1421.529
1421.530
1421.531
1421.532
1421.534
1421.535
1421.536
1421.537
1421.538
1421.539
1421.541
1421.542
1421.543
1421.544
1421.545
1421.546
1421.548
1421.549
1421.550
1421.551
1421.552
1421.553
1421.555
1421.556
1421.557
1421.558
1421.559
1421.560
1421.562
1421.563
1421.564
1421.565
1421.566
1421.567
1421.569
1421.570
1421.571
1421.572
1421.573
1421.575
1421.576
1421.577
1421.578
1421.579
1421.580
1421.582
1421.583
1421.584
1421.585
1421.586
1421.587
1421.589
1421.590
1421.591
1421.592
1421.593
1421.594
1421.596
1421.597
1421.598
1421.599
1421.600
1421.601
1421.603
1421.604
