-0.042
-0.042
-0.042
-0.041
-0.064
-0.067
-0.073
-0.080
-0.086
-0.086
-0.095
-0.099
-0.102
-0.106
-0.110
-0.112
-0.114
-0.116
-0.116
-0.117
-0.117
-0.117
-0.117
-0.117
-0.117
-0.119
-0.119
-0.120
-0.124
-0.130
-0.130
-0.130
-0.132
-0.132
-0.132
-0.132
-0.132
-0.126
-0.128
-0.121
-0.116
-0.113
-0.113
-0.117
-0.120
-0.121
-0.122
-0.127
-0.127
-0.129
-0.132
-0.135
-0.139
-0.139
-0.135
-0.132
-0.133
-0.131
-0.125
-0.129
-0.129
-0.125
-0.123
-0.122
-0.122
-0.125
-0.125
-0.124
-0.124
-0.124
-0.121
-0.121
-0.113
-0.114
-0.118
-0.118
-0.117
-0.125
-0.129
-0.130
-0.136
-0.143
-0.143
-0.143
-0.140
-0.138
-0.138
-0.138
-0.136
-0.135
-0.133
-0.129
-0.130
-0.130
-0.130
-0.130
-0.130
-0.136
-0.136
-0.136
-0.136
-0.136
-0.140
-0.141
-0.137
-0.137
-0.137
-0.137
-0.139
-0.140
-0.143
-0.148
-0.146
-0.148
-0.153
-0.154
-0.154
-0.158
-0.158
-0.158
-0.156
-0.151
-0.151
-0.151
-0.145
-0.142
-0.142
-0.142
-0.142
-0.141
-0.141
-0.139
-0.141
-0.143
-0.143
-0.143
-0.143
-0.143
-0.143
-0.148
-0.155
-0.158
-0.158
-0.158
-0.158
-0.158
-0.156
-0.156
-0.153
-0.151
-0.147
-0.138
-0.137
-0.137
-0.137
-0.143
-0.143
-0.143
-0.137
-0.137
-0.135
-0.134
-0.095
0.003
0.418
0.418
0.418
0.418
0.418
0.315
-0.141
-0.148
-0.151
-0.155
-0.156
-0.156
-0.156
-0.155
-0.156
-0.157
-0.163
-0.163
-0.163
-0.163
-0.163
-0.165
-0.165
-0.168
-0.169
-0.169
-0.177
-0.184
-0.184
-0.181
-0.180
-0.180
-0.180
-0.180
-0.180
-0.180
-0.180
-0.176
-0.171
-0.171
-0.176
-0.176
-0.177
-0.177
-0.170
-0.169
-0.168
-0.168
-0.165
-0.165
-0.164
-0.164
-0.164
-0.162
-0.164
-0.167
-0.169
-0.171
-0.174
-0.184
-0.184
-0.184
-0.179
-0.179
-0.185
-0.182
-0.178
-0.174
-0.173
-0.173
-0.177
-0.178
-0.178
-0.178
-0.177
-0.177
-0.177
-0.177
-0.180
-0.180
-0.180
-0.177
-0.177
-0.180
-0.182
-0.182
-0.183
-0.185
-0.185
-0.182
-0.184
-0.184
-0.184
-0.184
-0.183
-0.182
-0.178
-0.177
-0.178
-0.182
-0.178
-0.178
-0.176
-0.176
-0.176
-0.181
-0.187
-0.187
-0.185
-0.178
-0.183
-0.185
-0.185
-0.183
-0.179
-0.179
-0.179
-0.179
-0.184
-0.184
-0.181
-0.175
-0.173
-0.169
-0.149
-0.133
-0.133
-0.133
-0.133
-0.133
-0.146
-0.165
-0.170
-0.180
-0.180
-0.180
-0.180
-0.180
-0.182
-0.179
-0.179
-0.179
-0.176
-0.173
-0.172
-0.172
-0.176
-0.176
-0.179
-0.180
-0.180
-0.184
-0.186
-0.190
-0.190
-0.193
-0.193
-0.190
-0.187
-0.184
-0.184
-0.184
-0.184
-0.178
-0.177
-0.177
-0.181
-0.181
-0.183
-0.189
-0.183
-0.181
-0.184
-0.189
-0.189
-0.185
-0.185
-0.189
-0.194
-0.197
-0.200
-0.200
-0.200
-0.191
-0.186
-0.189
-0.182
-0.178
-0.175
-0.172
-0.172
-0.173
-0.176
-0.179
-0.179
-0.177
-0.177
-0.179
-0.182
-0.182
-0.179
-0.177
-0.172
-0.166
-0.166
-0.164
-0.164
-0.164
-0.164
-0.166
-0.170
-0.178
-0.179
-0.179
-0.184
-0.185
-0.185
-0.184
-0.184
-0.181
-0.177
-0.177
-0.181
-0.185
-0.181
-0.177
-0.178
-0.178
-0.176
-0.174
-0.171
-0.171
-0.171
-0.171
-0.170
-0.170
-0.169
-0.167
-0.166
-0.164
-0.163
-0.163
-0.163
-0.157
-0.151
-0.141
-0.138
-0.138
-0.127
-0.082
-0.056
0.025
0.025
0.025
0.025
0.020
-0.027
-0.158
-0.160
-0.161
-0.161
-0.163
-0.163
-0.165
-0.171
-0.177
-0.177
-0.177
-0.174
-0.168
-0.168
-0.168
-0.168
-0.168
-0.166
-0.166
-0.166
-0.169
-0.169
-0.170
-0.170
-0.170
-0.169
-0.169
-0.169
-0.170
-0.170
-0.170
-0.170
-0.166
-0.164
-0.170
-0.172
-0.175
-0.175
-0.176
-0.172
-0.165
-0.166
-0.173
-0.174
-0.174
-0.170
-0.165
-0.164
-0.163
-0.164
-0.165
-0.168
-0.168
-0.167
-0.165
-0.165
-0.165
-0.168
-0.168
-0.165
-0.163
-0.163
-0.163
-0.163
-0.164
-0.166
-0.169
-0.168
-0.170
-0.172
-0.174
-0.172
-0.170
-0.169
-0.170
-0.170
-0.169
-0.167
-0.163
-0.163
-0.163
-0.163
-0.166
-0.166
-0.163
-0.163
-0.166
-0.169
-0.175
-0.175
-0.169
-0.164
-0.161
-0.167
-0.171
-0.166
-0.161
-0.161
-0.161
-0.166
-0.173
-0.176
-0.179
-0.179
-0.179
-0.179
-0.179
-0.174
-0.174
-0.174
-0.174
-0.173
-0.172
-0.169
-0.169
-0.169
-0.169
-0.166
-0.151
-0.151
-0.151
-0.151
-0.151
-0.152
-0.165
-0.169
-0.171
-0.172
-0.172
-0.171
-0.171
-0.171
-0.171
-0.168
-0.166
-0.166
-0.166
-0.165
-0.166
-0.166
-0.166
-0.167
-0.169
-0.170
-0.173
-0.173
-0.173
-0.173
-0.173
-0.172
-0.162
-0.148
-0.144
-0.144
-0.144
-0.144
-0.144
-0.151
-0.158
-0.158
-0.158
-0.162
-0.164
-0.165
-0.166
-0.168
-0.173
-0.173
-0.181
-0.188
-0.188
-0.188
-0.181
-0.181
-0.178
-0.176
-0.175
-0.175
-0.173
-0.173
-0.175
-0.177
-0.178
-0.176
-0.173
-0.173
-0.173
-0.176
-0.176
-0.172
-0.170
-0.170
-0.170
-0.172
-0.176
-0.179
-0.179
-0.176
-0.176
-0.180
-0.181
-0.180
-0.176
-0.172
-0.171
-0.171
-0.171
-0.173
-0.178
-0.178
-0.177
-0.177
-0.177
-0.177
-0.177
-0.184
-0.182
-0.175
-0.174
-0.174
-0.174
-0.176
-0.177
-0.177
-0.177
-0.176
-0.176
-0.177
-0.179
-0.181
-0.181
-0.181
-0.180
-0.180
-0.181
-0.183
-0.183
-0.181
-0.171
-0.161
-0.156
-0.140
-0.122
-0.110
-0.093
-0.032
-0.032
-0.032
-0.032
-0.032
-0.071
-0.159
-0.163
-0.167
-0.167
-0.167
-0.164
-0.159
-0.158
-0.154
-0.142
-0.091
-0.091
-0.091
-0.091
-0.098
-0.149
-0.160
-0.171
-0.173
-0.174
-0.176
-0.179
-0.180
-0.177
-0.174
-0.174
-0.174
-0.170
-0.158
-0.150
-0.150
-0.150
-0.150
-0.150
-0.155
-0.172
-0.179
-0.181
-0.183
-0.183
-0.187
-0.183
-0.180
-0.178
-0.176
-0.174
-0.173
-0.170
-0.164
-0.160
-0.159
-0.159
-0.157
-0.157
-0.157
-0.156
-0.153
-0.150
-0.150
-0.150
-0.150
-0.150
-0.150
-0.155
-0.161
-0.161
-0.161
-0.161
-0.165
-0.161
-0.158
-0.158
-0.158
-0.157
-0.152
-0.151
-0.155
-0.151
-0.148
-0.147
-0.148
-0.148
-0.151
-0.155
-0.159
-0.159
-0.161
-0.167
-0.168
-0.168
-0.170
-0.170
-0.170
-0.168
-0.167
-0.168
-0.170
-0.173
-0.169
-0.165
-0.163
-0.163
-0.163
-0.163
-0.163
-0.158
-0.147
-0.145
-0.145
-0.145
-0.142
-0.140
-0.142
-0.146
-0.146
-0.146
-0.146
-0.142
-0.129
-0.129
-0.129
-0.129
-0.129
-0.125
-0.128
-0.133
-0.133
-0.133
-0.133
-0.130
-0.130
-0.130
-0.130
-0.133
-0.139
-0.142
-0.142
-0.142
-0.142
-0.142
-0.143
-0.141
-0.141
-0.141
-0.141
-0.141
-0.144
-0.154
-0.154
-0.154
-0.153
-0.153
-0.153
-0.142
-0.142
-0.142
-0.140
-0.139
-0.135
-0.135
-0.133
-0.128
-0.126
-0.121
-0.119
-0.118
-0.117
-0.118
-0.119
-0.122
-0.126
-0.130
-0.138
-0.141
-0.141
-0.141
-0.142
-0.142
-0.142
-0.141
-0.140
-0.140
-0.140
-0.139
-0.140
-0.142
-0.137
-0.131
-0.127
-0.127
-0.126
-0.118
-0.118
-0.118
-0.118
-0.118
-0.117
-0.121
-0.127
-0.133
-0.138
-0.138
-0.138
-0.132
-0.129
-0.127
-0.127
-0.129
-0.129
-0.129
-0.127
-0.126
-0.126
-0.126
-0.124
-0.117
-0.117
-0.117
-0.117
-0.117
-0.118
-0.121
-0.125
-0.128
-0.133
-0.139
-0.140
-0.138
-0.133
-0.128
-0.124
-0.126
-0.118
-0.110
-0.107
-0.102
-0.098
-0.092
-0.095
-0.095
-0.095
-0.089
-0.085
-0.080
-0.061
0.080
0.080
0.080
0.080
0.080
0.061
-0.082
-0.087
-0.100
-0.105
-0.105
-0.097
-0.091
-0.090
-0.090
-0.090
-0.087
-0.087
-0.087
-0.086
-0.077
-0.077
-0.077
-0.077
-0.089
-0.089
-0.089
-0.089
-0.087
-0.085
-0.085
-0.089
-0.089
-0.085
-0.083
-0.083
-0.083
-0.083
-0.084
-0.084
-0.088
-0.088
-0.084
-0.083
-0.083
-0.082
-0.071
-0.064
-0.063
-0.060
-0.057
-0.057
-0.060
-0.063
-0.064
-0.064
-0.063
-0.059
-0.053
-0.051
-0.046
-0.045
-0.045
-0.042
-0.041
-0.038
-0.037
-0.034
-0.034
-0.034
-0.030
-0.026
-0.024
-0.023
-0.021
-0.021
-0.021
-0.021
-0.021
-0.016
-0.016
-0.016
-0.013
-0.013
-0.010
-0.002
0.005
0.011
0.017
0.021
0.026
0.031
0.035
0.039
0.041
0.041
0.042
0.050
0.057
0.058
0.059
0.063
0.065
0.065
0.065
0.065
0.065
0.065
0.065
0.066
0.073
0.087
0.113
0.120
0.127
0.135
0.140
0.146
0.151
0.153
0.156
0.160
0.167
0.188
0.214
0.282
0.313
0.348
0.372
0.390
0.398
0.398
0.398
0.398
0.398
0.416
0.431
0.460
0.492
0.512
0.537
0.552
0.560
0.572
0.580
0.580
0.580
0.580
0.580
0.570
0.545
0.527
0.505
0.480
0.466
0.443
0.411
0.386
0.364
0.329
0.291
0.271
0.246
0.215
0.191
0.167
0.146
0.134
0.124
0.107
0.096
0.095
0.079
0.052
0.038
0.035
0.032
0.030
0.026
0.019
0.013
0.011
0.009
0.007
0.007
0.001
-0.019
-0.033
-0.035
-0.037
-0.038
-0.041
-0.045
-0.042
-0.038
-0.037
-0.037
-0.037
-0.044
-0.044
-0.041
-0.041
-0.041
-0.051
-0.059
-0.061
-0.062
-0.062
-0.063
-0.063
-0.063
-0.062
-0.062
-0.062
-0.062
-0.062
-0.062
-0.063
-0.063
-0.063
-0.066
-0.068
-0.069
-0.073
-0.081
-0.086
-0.092
-0.099
-0.099
-0.099
-0.099
-0.099
-0.096
-0.090
-0.081
-0.079
-0.079
-0.079
-0.079
-0.080
-0.081
-0.081
-0.081
-0.081
-0.085
-0.088
-0.088
-0.084
-0.078
-0.075
-0.073
0.098
0.096
0.096
0.096
0.096
0.092
-0.091
-0.096
-0.096
-0.096
-0.097
-0.097
-0.098
-0.095
-0.093
-0.092
-0.092
-0.093
-0.095
-0.097
-0.098
-0.097
-0.100
-0.104
-0.106
-0.106
-0.108
-0.108
-0.108
-0.108
-0.111
-0.116
-0.122
-0.116
-0.113
-0.113
-0.111
-0.112
-0.115
-0.118
-0.115
-0.115
-0.115
-0.116
-0.117
-0.117
-0.117
-0.117
-0.115
-0.115
-0.117
-0.118
-0.118
-0.118
-0.116
-0.120
-0.122
-0.122
-0.122
-0.123
-0.122
-0.122
-0.116
-0.117
-0.122
-0.119
-0.114
-0.114
-0.114
-0.110
-0.107
-0.104
-0.104
-0.104
-0.104
-0.104
-0.107
-0.109
-0.110
-0.110
-0.110
-0.114
-0.120
-0.120
-0.120
-0.122
-0.122
-0.120
-0.120
-0.121
-0.122
-0.122
-0.122
-0.124
-0.124
-0.127
-0.127
-0.127
-0.127
-0.127
-0.121
-0.112
-0.100
-0.100
-0.100
-0.095
-0.092
-0.092
-0.093
-0.099
-0.103
-0.107
-0.110
-0.113
-0.114
-0.117
-0.122
-0.123
-0.123
-0.118
-0.117
-0.115
-0.114
-0.112
-0.108
-0.074
-0.074
-0.071
-0.071
-0.071
-0.071
-0.097
-0.099
-0.099
-0.099
-0.099
-0.097
-0.093
-0.089
-0.089
-0.089
-0.089
-0.089
-0.094
-0.098
-0.099
-0.103
-0.112
-0.117
-0.117
-0.117
-0.117
-0.117
-0.115
-0.114
-0.114
-0.113
-0.113
-0.113
-0.114
-0.115
-0.117
-0.124
-0.131
-0.131
-0.131
-0.131
-0.131
-0.128
-0.124
-0.118
-0.117
-0.117
-0.116
-0.118
-0.118
-0.118
-0.116
-0.113
-0.114
-0.111
-0.106
-0.106
-0.106
-0.106
-0.110
-0.110
-0.110
-0.109
-0.109
-0.113
-0.113
-0.113
-0.113
-0.113
-0.115
-0.115
-0.115
-0.115
-0.113
-0.110
-0.110
-0.108
-0.103
-0.096
-0.093
-0.093
-0.094
-0.096
-0.093
-0.089
-0.089
-0.089
-0.097
-0.102
-0.104
-0.104
-0.102
-0.097
-0.097
-0.108
-0.116
-0.116
-0.116
-0.112
-0.102
-0.102
-0.102
-0.102
-0.104
-0.104
-0.100
-0.096
-0.094
-0.094
-0.096
-0.100
-0.105
-0.107
-0.110
-0.114
-0.114
-0.114
-0.114
-0.114
-0.106
-0.105
-0.100
-0.095
-0.093
-0.089
-0.089
-0.090
-0.094
-0.094
-0.094
-0.096
-0.103
-0.103
-0.103
-0.103
-0.103
-0.097
-0.095
-0.095
-0.095
-0.095
-0.095
-0.095
-0.095
-0.097
-0.100
-0.101
-0.101
-0.101
-0.101
-0.101
-0.101
-0.101
-0.101
-0.101
-0.101
-0.101
-0.101
-0.101
-0.103
-0.103
-0.107
-0.109
-0.110
-0.112
-0.118
-0.124
-0.125
-0.125
-0.124
-0.122
-0.124
-0.125
-0.124
-0.122
-0.120
-0.120
-0.120
-0.122
-0.127
-0.128
-0.130
-0.129
-0.129
-0.129
-0.129
-0.128
-0.128
-0.124
-0.122
-0.116
-0.115
-0.115
-0.115
-0.118
-0.119
-0.119
-0.119
-0.118
-0.118
-0.118
-0.118
-0.118
-0.119
-0.121
-0.119
-0.114
-0.108
-0.107
-0.107
-0.112
-0.107
-0.104
-0.103
-0.102
-0.097
-0.092
-0.092
-0.097
-0.098
-0.095
-0.095
-0.103
-0.108
-0.115
-0.115
-0.115
-0.112
-0.108
-0.108
-0.108
-0.106
-0.104
-0.103
-0.101
-0.101
-0.103
-0.103
-0.103
-0.106
-0.104
-0.104
-0.104
-0.104
-0.104
-0.101
-0.100
-0.098
-0.094
-0.081
-0.081
-0.081
-0.081
-0.081
-0.089
-0.103
-0.103
-0.103
-0.106
-0.107
-0.105
-0.101
-0.095
-0.091
-0.088
-0.083
-0.074
-0.073
-0.073
-0.073
-0.072
-0.072
-0.072
-0.077
-0.077
-0.080
-0.080
-0.078
-0.078
-0.080
-0.084
-0.086
-0.088
-0.088
-0.089
-0.089
-0.089
-0.090
-0.095
-0.097
-0.092
-0.089
-0.084
-0.085
-0.084
-0.087
-0.088
-0.088
-0.087
-0.083
-0.087
-0.088
-0.088
-0.089
-0.091
-0.091
-0.090
-0.090
-0.091
-0.091
-0.090
-0.090
-0.093
-0.096
-0.096
-0.096
-0.096
-0.092
-0.087
-0.087
-0.092
-0.097
-0.086
-0.085
-0.085
-0.085
-0.085
-0.082
-0.080
-0.080
-0.080
-0.076
-0.080
-0.080
-0.080
-0.085
-0.085
-0.085
-0.085
-0.084
-0.083
-0.085
-0.087
-0.086
-0.083
-0.082
-0.080
-0.078
-0.078
-0.080
-0.082
-0.080
-0.078
-0.078
-0.078
-0.080
-0.078
-0.080
-0.082
-0.085
-0.091
-0.094
-0.094
-0.094
-0.085
-0.076
-0.081
-0.085
-0.082
-0.076
-0.073
-0.071
-0.069
-0.068
-0.068
-0.058
-0.031
-0.031
-0.031
-0.031
-0.031
-0.039
-0.075
-0.075
-0.080
-0.083
-0.083
-0.080
-0.073
-0.073
-0.067
-0.064
-0.064
-0.067
-0.067
-0.067
-0.064
-0.064
-0.069
-0.073
-0.073
-0.073
-0.068
-0.058
-0.058
-0.058
-0.068
-0.073
-0.069
-0.066
-0.069
-0.071
-0.074
-0.078
-0.078
-0.076
-0.076
-0.078
-0.082
-0.091
-0.091
-0.091
-0.081
-0.078
-0.078
-0.078
-0.073
-0.071
-0.068
-0.068
-0.068
-0.068
-0.068
-0.067
-0.067
-0.070
-0.071
-0.071
-0.071
-0.071
-0.071
-0.071
-0.076
-0.081
-0.081
-0.081
-0.081
-0.081
-0.081
-0.081
-0.077
-0.070
-0.070
-0.070
-0.075
-0.075
-0.070
-0.065
-0.061
-0.062
-0.069
-0.071
-0.068
-0.062
-0.059
-0.059
-0.058
-0.058
-0.059
-0.059
-0.059
-0.059
-0.058
-0.058
-0.058
-0.056
-0.053
-0.052
-0.052
-0.052
-0.052
-0.052
-0.054
-0.054
-0.055
-0.055
-0.055
-0.055
-0.055
-0.055
-0.053
-0.053
-0.049
-0.044
-0.041
-0.040
-0.040
-0.040
-0.040
-0.028
-0.016
-0.016
-0.016
-0.027
-0.038
-0.039
-0.039
-0.043
-0.048
-0.050
-0.051
-0.053
-0.053
-0.051
-0.051
-0.051
-0.051
-0.047
-0.047
-0.047
-0.041
-0.040
-0.035
-0.034
-0.034
-0.039
-0.039
-0.039
-0.028
-0.027
-0.027
-0.035
-0.041
-0.046
-0.049
-0.052
-0.054
-0.056
-0.062
-0.062
-0.062
-0.061
-0.059
-0.052
-0.035
-0.029
-0.018
-0.018
-0.018
-0.018
-0.018
-0.019
-0.031
-0.032
-0.037
-0.043
-0.046
-0.049
-0.049
-0.049
-0.049
-0.049
-0.049
-0.043
-0.028
-0.028
-0.028
-0.020
-0.020
-0.020
-0.020
-0.017
-0.017
-0.017
-0.025
-0.025
-0.025
-0.029
-0.025
-0.027
-0.033
-0.035
-0.035
-0.035
-0.034
-0.034
-0.032
-0.031
-0.031
-0.031
-0.028
-0.023
-0.021
-0.021
-0.019
-0.016
-0.013
-0.014
-0.017
-0.017
-0.014
-0.014
-0.012
-0.009
-0.011
-0.015
-0.015
-0.010
-0.006
-0.006
-0.006
-0.006
-0.006
-0.006
-0.002
0.002
0.002
0.002
0.002
0.002
0.002
0.006
0.011
0.020
0.027
0.029
0.029
0.123
0.123
0.123
0.123
0.123
0.122
0.015
0.000
0.000
0.000
0.000
0.015
0.005
0.001
0.000
0.001
0.004
0.013
0.013
0.011
0.008
0.008
0.013
0.017
0.019
0.020
0.026
0.032
0.034
0.037
0.037
0.037
0.037
0.037
0.033
0.030
0.030
0.030
0.030
0.030
0.065
0.065
0.065
0.065
0.065
0.070
0.035
0.029
0.026
0.018
0.018
0.024
0.024
0.023
0.017
0.017
0.017
0.023
0.027
0.027
0.027
0.023
0.019
0.019
0.014
0.002
-0.001
-0.003
-0.003
-0.003
-0.000
0.002
0.008
0.016
0.016
0.016
0.016
0.016
0.009
-0.006
-0.014
-0.014
-0.014
-0.018
-0.020
-0.020
-0.020
-0.021
-0.025
-0.028
-0.030
-0.033
-0.033
-0.034
-0.034
-0.034
-0.033
-0.036
-0.036
-0.036
-0.036
-0.038
-0.042
-0.042
-0.042
-0.042
-0.042
-0.042
-0.042
-0.043
-0.043
-0.043
-0.043
-0.055
-0.064
-0.066
-0.068
-0.072
-0.074
-0.072
-0.070
-0.068
-0.070
-0.076
-0.081
-0.087
-0.093
