-0.072
-0.072
-0.074
-0.079
-0.095
-0.097
-0.098
-0.103
-0.103
-0.103
-0.111
-0.111
-0.104
-0.104
-0.111
-0.118
-0.125
-0.132
-0.140
-0.151
-0.155
-0.155
-0.155
-0.157
-0.157
-0.165
-0.170
-0.172
-0.179
-0.179
-0.189
-0.211
-0.219
-0.219
-0.219
-0.219
-0.219
-0.208
-0.208
-0.203
-0.181
-0.177
-0.177
-0.177
-0.189
-0.189
-0.195
-0.200
-0.200
-0.200
-0.202
-0.210
-0.214
-0.214
-0.215
-0.221
-0.227
-0.227
-0.232
-0.226
-0.215
-0.212
-0.212
-0.214
-0.225
-0.225
-0.225
-0.222
-0.219
-0.219
-0.219
-0.219
-0.219
-0.209
-0.198
-0.195
-0.195
-0.195
-0.195
-0.196
-0.199
-0.199
-0.200
-0.201
-0.203
-0.206
-0.208
-0.207
-0.208
-0.208
-0.208
-0.208
-0.208
-0.205
-0.203
-0.197
-0.197
-0.197
-0.197
-0.192
-0.192
-0.197
-0.207
-0.216
-0.216
-0.216
-0.213
-0.213
-0.214
-0.222
-0.222
-0.222
-0.213
-0.213
-0.222
-0.222
-0.224
-0.222
-0.216
-0.216
-0.218
-0.218
-0.218
-0.215
-0.215
-0.224
-0.210
-0.210
-0.211
-0.203
-0.202
-0.202
-0.202
-0.202
-0.202
-0.198
-0.196
-0.198
-0.198
-0.202
-0.211
-0.213
-0.217
-0.217
-0.219
-0.222
-0.226
-0.228
-0.229
-0.229
-0.229
-0.228
-0.227
-0.227
-0.220
-0.210
-0.204
-0.202
-0.200
-0.195
-0.190
-0.183
-0.137
-0.040
0.292
0.292
0.292
0.292
0.292
0.192
-0.180
-0.188
-0.195
-0.195
-0.195
-0.195
-0.195
-0.188
-0.184
-0.189
-0.193
-0.189
-0.178
-0.189
-0.197
-0.189
-0.180
-0.180
-0.180
-0.180
-0.180
-0.195
-0.195
-0.185
-0.179
-0.178
-0.178
-0.176
-0.171
-0.169
-0.169
-0.164
-0.159
-0.159
-0.152
-0.152
-0.152
-0.154
-0.154
-0.154
-0.154
-0.156
-0.160
-0.160
-0.163
-0.172
-0.178
-0.178
-0.178
-0.173
-0.173
-0.173
-0.173
-0.171
-0.168
-0.168
-0.168
-0.171
-0.174
-0.178
-0.183
-0.185
-0.185
-0.185
-0.185
-0.185
-0.181
-0.175
-0.171
-0.169
-0.166
-0.166
-0.166
-0.170
-0.170
-0.172
-0.172
-0.177
-0.177
-0.177
-0.177
-0.177
-0.177
-0.177
-0.177
-0.172
-0.161
-0.153
-0.150
-0.148
-0.149
-0.149
-0.149
-0.149
-0.149
-0.154
-0.155
-0.165
-0.169
-0.169
-0.169
-0.170
-0.170
-0.170
-0.170
-0.172
-0.172
-0.172
-0.177
-0.177
-0.184
-0.188
-0.186
-0.186
-0.186
-0.182
-0.175
-0.160
-0.149
-0.138
-0.138
-0.138
-0.138
-0.138
-0.152
-0.161
-0.161
-0.161
-0.175
-0.175
-0.166
-0.166
-0.166
-0.166
-0.166
-0.178
-0.178
-0.178
-0.173
-0.174
-0.184
-0.185
-0.182
-0.174
-0.166
-0.164
-0.159
-0.160
-0.166
-0.164
-0.160
-0.153
-0.149
-0.153
-0.160
-0.159
-0.163
-0.163
-0.161
-0.158
-0.158
-0.158
-0.158
-0.155
-0.155
-0.155
-0.155
-0.154
-0.154
-0.154
-0.157
-0.174
-0.186
-0.186
-0.192
-0.186
-0.182
-0.182
-0.183
-0.183
-0.183
-0.183
-0.183
-0.184
-0.183
-0.183
-0.183
-0.183
-0.185
-0.185
-0.183
-0.177
-0.170
-0.168
-0.164
-0.165
-0.168
-0.165
-0.161
-0.159
-0.155
-0.149
-0.149
-0.155
-0.160
-0.160
-0.160
-0.161
-0.161
-0.164
-0.168
-0.170
-0.176
-0.182
-0.185
-0.196
-0.195
-0.195
-0.195
-0.198
-0.198
-0.186
-0.181
-0.181
-0.181
-0.180
-0.177
-0.177
-0.177
-0.173
-0.168
-0.167
-0.159
-0.155
-0.148
-0.148
-0.148
-0.146
-0.142
-0.138
-0.126
-0.126
-0.126
-0.099
-0.078
0.012
0.012
0.012
0.012
0.006
-0.022
-0.140
-0.145
-0.149
-0.149
-0.149
-0.147
-0.147
-0.147
-0.147
-0.147
-0.145
-0.144
-0.141
-0.142
-0.145
-0.150
-0.147
-0.147
-0.150
-0.153
-0.157
-0.161
-0.174
-0.188
-0.188
-0.188
-0.188
-0.188
-0.176
-0.173
-0.168
-0.165
-0.162
-0.157
-0.157
-0.163
-0.163
-0.162
-0.164
-0.164
-0.155
-0.165
-0.174
-0.177
-0.177
-0.177
-0.179
-0.179
-0.178
-0.177
-0.179
-0.179
-0.175
-0.172
-0.172
-0.172
-0.172
-0.175
-0.175
-0.180
-0.177
-0.176
-0.176
-0.176
-0.169
-0.168
-0.168
-0.167
-0.164
-0.160
-0.160
-0.163
-0.166
-0.168
-0.169
-0.174
-0.174
-0.191
-0.191
-0.195
-0.204
-0.204
-0.204
-0.196
-0.187
-0.182
-0.172
-0.172
-0.175
-0.170
-0.165
-0.165
-0.170
-0.177
-0.180
-0.182
-0.184
-0.182
-0.182
-0.186
-0.186
-0.186
-0.182
-0.176
-0.169
-0.159
-0.150
-0.139
-0.139
-0.139
-0.139
-0.150
-0.152
-0.155
-0.160
-0.160
-0.160
-0.160
-0.157
-0.157
-0.165
-0.173
-0.174
-0.171
-0.170
-0.191
-0.203
-0.203
-0.203
-0.191
-0.181
-0.178
-0.176
-0.176
-0.176
-0.174
-0.174
-0.176
-0.176
-0.174
-0.173
-0.173
-0.166
-0.166
-0.166
-0.166
-0.166
-0.160
-0.164
-0.164
-0.164
-0.164
-0.164
-0.155
-0.148
-0.144
-0.144
-0.144
-0.144
-0.148
-0.148
-0.148
-0.149
-0.151
-0.156
-0.161
-0.156
-0.160
-0.161
-0.160
-0.160
-0.163
-0.167
-0.168
-0.163
-0.158
-0.158
-0.163
-0.156
-0.154
-0.154
-0.151
-0.151
-0.151
-0.154
-0.158
-0.168
-0.169
-0.189
-0.189
-0.189
-0.199
-0.201
-0.201
-0.192
-0.182
-0.182
-0.178
-0.177
-0.177
-0.176
-0.176
-0.176
-0.176
-0.171
-0.175
-0.177
-0.179
-0.178
-0.178
-0.182
-0.180
-0.180
-0.180
-0.182
-0.189
-0.189
-0.194
-0.194
-0.194
-0.197
-0.199
-0.199
-0.197
-0.192
-0.192
-0.188
-0.185
-0.188
-0.192
-0.188
-0.188
-0.188
-0.188
-0.185
-0.185
-0.183
-0.182
-0.180
-0.171
-0.154
-0.144
-0.138
-0.138
-0.126
-0.086
-0.086
-0.086
-0.095
-0.098
-0.109
-0.172
-0.172
-0.172
-0.172
-0.178
-0.186
-0.191
-0.191
-0.189
-0.181
-0.169
-0.181
-0.185
-0.185
-0.189
-0.190
-0.190
-0.190
-0.194
-0.194
-0.194
-0.189
-0.196
-0.204
-0.204
-0.194
-0.186
-0.177
-0.177
-0.174
-0.177
-0.186
-0.186
-0.186
-0.208
-0.229
-0.236
-0.236
-0.236
-0.236
-0.236
-0.219
-0.219
-0.219
-0.219
-0.197
-0.189
-0.189
-0.189
-0.189
-0.195
-0.194
-0.179
-0.176
-0.176
-0.176
-0.190
-0.191
-0.191
-0.191
-0.183
-0.178
-0.179
-0.175
-0.161
-0.146
-0.146
-0.146
-0.146
-0.161
-0.173
-0.173
-0.158
-0.156
-0.166
-0.173
-0.176
-0.175
-0.175
-0.168
-0.164
-0.164
-0.173
-0.177
-0.177
-0.170
-0.164
-0.159
-0.159
-0.159
-0.162
-0.163
-0.160
-0.155
-0.155
-0.160
-0.163
-0.166
-0.166
-0.166
-0.166
-0.167
-0.168
-0.168
-0.168
-0.167
-0.167
-0.162
-0.162
-0.162
-0.162
-0.155
-0.154
-0.155
-0.163
-0.163
-0.155
-0.151
-0.145
-0.145
-0.145
-0.145
-0.137
-0.128
-0.123
-0.129
-0.137
-0.152
-0.159
-0.157
-0.157
-0.157
-0.157
-0.159
-0.159
-0.157
-0.156
-0.156
-0.157
-0.152
-0.152
-0.157
-0.159
-0.165
-0.170
-0.170
-0.170
-0.165
-0.154
-0.154
-0.147
-0.147
-0.147
-0.147
-0.147
-0.153
-0.164
-0.164
-0.164
-0.164
-0.168
-0.168
-0.168
-0.168
-0.168
-0.164
-0.154
-0.161
-0.161
-0.161
-0.160
-0.160
-0.156
-0.149
-0.149
-0.153
-0.153
-0.153
-0.156
-0.162
-0.168
-0.168
-0.168
-0.168
-0.168
-0.175
-0.175
-0.167
-0.166
-0.162
-0.159
-0.159
-0.162
-0.162
-0.162
-0.162
-0.165
-0.167
-0.167
-0.167
-0.167
-0.165
-0.162
-0.159
-0.152
-0.142
-0.142
-0.134
-0.133
-0.133
-0.133
-0.136
-0.142
-0.152
-0.164
-0.174
-0.176
-0.185
-0.185
-0.184
-0.184
-0.184
-0.180
-0.175
-0.175
-0.175
-0.167
-0.157
-0.143
-0.136
-0.133
-0.140
-0.156
-0.155
-0.143
-0.143
-0.143
-0.147
-0.150
-0.150
-0.150
-0.150
-0.148
-0.144
-0.114
-0.051
-0.051
-0.051
-0.051
-0.051
-0.060
-0.105
-0.105
-0.109
-0.118
-0.129
-0.129
-0.132
-0.132
-0.132
-0.118
-0.132
-0.144
-0.151
-0.152
-0.154
-0.154
-0.158
-0.158
-0.158
-0.159
-0.163
-0.159
-0.158
-0.149
-0.138
-0.118
-0.118
-0.118
-0.118
-0.114
-0.114
-0.131
-0.139
-0.144
-0.144
-0.144
-0.148
-0.144
-0.135
-0.134
-0.126
-0.124
-0.119
-0.119
-0.114
-0.109
-0.104
-0.099
-0.104
-0.109
-0.114
-0.114
-0.113
-0.103
-0.092
-0.089
-0.089
-0.089
-0.089
-0.089
-0.083
-0.082
-0.082
-0.082
-0.082
-0.082
-0.077
-0.068
-0.062
-0.058
-0.058
-0.055
-0.052
-0.050
-0.050
-0.048
-0.039
-0.023
-0.012
-0.003
0.002
0.002
-0.004
-0.012
-0.012
-0.006
0.002
0.005
0.007
0.028
0.042
0.045
0.045
0.049
0.054
0.057
0.057
0.080
0.124
0.132
0.145
0.148
0.152
0.154
0.154
0.164
0.164
0.171
0.180
0.190
0.199
0.204
0.208
0.208
0.212
0.222
0.228
0.253
0.297
0.306
0.320
0.360
0.410
0.444
0.490
0.485
0.485
0.485
0.485
0.506
0.509
0.513
0.530
0.557
0.575
0.584
0.588
0.588
0.588
0.584
0.584
0.584
0.576
0.554
0.535
0.519
0.467
0.385
0.316
0.287
0.285
0.276
0.266
0.244
0.204
0.183
0.162
0.129
0.110
0.086
0.060
0.050
0.047
0.038
0.027
0.018
0.018
0.018
0.005
-0.008
-0.011
-0.015
-0.015
-0.027
-0.035
-0.035
-0.038
-0.041
-0.046
-0.051
-0.061
-0.071
-0.071
-0.074
-0.078
-0.078
-0.078
-0.078
-0.078
-0.087
-0.089
-0.094
-0.094
-0.093
-0.088
-0.091
-0.091
-0.087
-0.084
-0.082
-0.082
-0.082
-0.082
-0.086
-0.089
-0.091
-0.096
-0.100
-0.100
-0.100
-0.101
-0.108
-0.105
-0.112
-0.114
-0.117
-0.117
-0.119
-0.119
-0.119
-0.119
-0.120
-0.124
-0.124
-0.124
-0.124
-0.124
-0.124
-0.124
-0.124
-0.125
-0.125
-0.125
-0.129
-0.138
-0.150
-0.150
-0.150
-0.150
-0.150
-0.149
-0.148
-0.147
-0.130
-0.108
0.019
0.019
0.013
0.013
0.013
0.013
-0.117
-0.122
-0.128
-0.134
-0.144
-0.144
-0.144
-0.144
-0.144
-0.140
-0.138
-0.131
-0.131
-0.131
-0.131
-0.131
-0.131
-0.135
-0.137
-0.142
-0.143
-0.143
-0.139
-0.135
-0.135
-0.135
-0.139
-0.142
-0.145
-0.147
-0.153
-0.167
-0.173
-0.173
-0.171
-0.171
-0.171
-0.171
-0.169
-0.169
-0.169
-0.169
-0.170
-0.168
-0.170
-0.175
-0.178
-0.178
-0.178
-0.178
-0.178
-0.177
-0.172
-0.171
-0.171
-0.171
-0.165
-0.165
-0.165
-0.165
-0.162
-0.161
-0.160
-0.153
-0.151
-0.146
-0.141
-0.136
-0.136
-0.136
-0.132
-0.130
-0.130
-0.130
-0.142
-0.155
-0.155
-0.155
-0.157
-0.157
-0.163
-0.164
-0.167
-0.166
-0.164
-0.162
-0.162
-0.162
-0.147
-0.129
-0.127
-0.127
-0.127
-0.127
-0.129
-0.134
-0.157
-0.160
-0.168
-0.171
-0.175
-0.177
-0.175
-0.175
-0.170
-0.166
-0.165
-0.166
-0.166
-0.165
-0.162
-0.155
-0.146
-0.137
-0.130
-0.123
-0.117
-0.112
-0.107
-0.104
-0.104
-0.104
-0.109
-0.113
-0.109
-0.109
-0.118
-0.128
-0.131
-0.131
-0.124
-0.124
-0.124
-0.124
-0.124
-0.125
-0.126
-0.126
-0.132
-0.139
-0.141
-0.142
-0.146
-0.153
-0.161
-0.163
-0.163
-0.163
-0.159
-0.159
-0.163
-0.163
-0.154
-0.147
-0.147
-0.147
-0.147
-0.150
-0.158
-0.150
-0.147
-0.142
-0.142
-0.136
-0.136
-0.136
-0.131
-0.126
-0.124
-0.121
-0.121
-0.119
-0.121
-0.119
-0.119
-0.115
-0.111
-0.109
-0.107
-0.107
-0.107
-0.101
-0.089
-0.089
-0.082
-0.078
-0.078
-0.078
-0.079
-0.079
-0.082
-0.084
-0.084
-0.084
-0.087
-0.093
-0.097
-0.097
-0.097
-0.097
-0.097
-0.099
-0.099
-0.099
-0.101
-0.099
-0.095
-0.099
-0.102
-0.107
-0.107
-0.105
-0.099
-0.098
-0.098
-0.098
-0.101
-0.108
-0.103
-0.103
-0.104
-0.108
-0.112
-0.116
-0.127
-0.141
-0.141
-0.141
-0.141
-0.141
-0.141
-0.141
-0.141
-0.143
-0.136
-0.125
-0.127
-0.127
-0.127
-0.127
-0.118
-0.116
-0.114
-0.109
-0.102
-0.056
-0.056
-0.050
-0.050
-0.050
-0.050
-0.090
-0.099
-0.108
-0.108
-0.108
-0.107
-0.107
-0.107
-0.106
-0.106
-0.106
-0.104
-0.101
-0.101
-0.101
-0.103
-0.106
-0.108
-0.117
-0.129
-0.118
-0.117
-0.117
-0.127
-0.129
-0.124
-0.113
-0.109
-0.109
-0.109
-0.115
-0.115
-0.115
-0.115
-0.115
-0.123
-0.123
-0.123
-0.115
-0.115
-0.118
-0.118
-0.118
-0.111
-0.106
-0.105
-0.107
-0.111
-0.114
-0.114
-0.114
-0.114
-0.114
-0.124
-0.126
-0.126
-0.126
-0.125
-0.124
-0.124
-0.117
-0.117
-0.122
-0.122
-0.116
-0.105
-0.109
-0.107
-0.107
-0.117
-0.120
-0.123
-0.130
-0.130
-0.134
-0.134
-0.134
-0.134
-0.134
-0.130
-0.126
-0.117
-0.108
-0.104
-0.101
-0.094
-0.094
-0.094
-0.094
-0.094
-0.100
-0.104
-0.107
-0.108
-0.110
-0.110
-0.110
-0.109
-0.109
-0.104
-0.092
-0.083
-0.076
-0.076
-0.076
-0.076
-0.083
-0.087
-0.095
-0.117
-0.126
-0.126
-0.126
-0.126
-0.126
-0.093
-0.069
-0.053
-0.036
-0.036
-0.036
-0.036
-0.050
-0.057
-0.041
-0.053
-0.072
-0.073
-0.078
-0.074
-0.067
-0.060
-0.056
-0.060
-0.064
-0.064
-0.064
-0.070
-0.071
-0.068
-0.068
-0.068
-0.071
-0.078
-0.071
-0.071
-0.068
-0.067
-0.067
-0.067
-0.067
-0.070
-0.065
-0.059
-0.064
-0.066
-0.070
-0.078
-0.078
-0.080
-0.080
-0.077
-0.077
-0.085
-0.087
-0.085
-0.076
-0.068
-0.068
-0.068
-0.076
-0.085
-0.086
-0.088
-0.089
-0.093
-0.093
-0.093
-0.097
-0.097
-0.096
-0.096
-0.096
-0.093
-0.089
-0.079
-0.073
-0.073
-0.073
-0.073
-0.071
-0.071
-0.071
-0.070
-0.064
-0.070
-0.070
-0.070
-0.070
-0.074
-0.080
-0.081
-0.081
-0.081
-0.083
-0.083
-0.083
-0.083
-0.081
-0.079
-0.071
-0.064
-0.064
-0.063
-0.063
-0.063
-0.063
-0.063
-0.065
-0.068
-0.073
-0.073
-0.073
-0.073
-0.073
-0.073
-0.069
-0.069
-0.072
-0.075
-0.077
-0.077
-0.077
-0.077
-0.071
-0.066
-0.070
-0.060
-0.053
-0.043
-0.034
-0.034
-0.028
-0.028
-0.024
-0.022
-0.022
-0.022
-0.024
-0.033
-0.027
-0.020
-0.034
-0.040
-0.041
-0.041
-0.040
-0.034
-0.034
-0.034
-0.040
-0.040
-0.044
-0.051
-0.052
-0.052
-0.052
-0.052
-0.052
-0.047
-0.039
-0.039
-0.036
-0.031
-0.031
-0.031
-0.032
-0.035
-0.051
-0.075
-0.075
-0.075
-0.075
-0.075
-0.063
-0.051
-0.049
-0.048
-0.048
-0.045
-0.043
-0.041
-0.041
-0.041
-0.043
-0.046
-0.056
-0.062
-0.062
-0.062
-0.063
-0.065
-0.065
-0.065
-0.065
-0.062
-0.060
-0.049
-0.046
-0.046
-0.044
-0.039
-0.039
-0.038
-0.041
-0.046
-0.048
-0.050
-0.048
-0.046
-0.041
-0.038
-0.018
-0.014
-0.009
-0.006
-0.006
-0.006
-0.004
-0.007
-0.010
-0.012
-0.014
-0.014
-0.019
-0.034
-0.045
-0.047
-0.047
-0.047
-0.046
-0.044
-0.043
-0.041
-0.041
-0.041
-0.036
-0.029
-0.025
-0.024
-0.024
-0.021
-0.010
-0.010
-0.010
-0.011
-0.011
-0.014
-0.030
-0.030
-0.030
-0.030
-0.030
-0.024
-0.010
-0.004
0.002
0.010
0.014
0.023
0.023
0.023
0.023
0.025
0.025
0.019
0.001
-0.001
-0.001
-0.001
-0.001
-0.001
-0.001
-0.011
-0.015
-0.018
-0.022
-0.028
-0.043
-0.052
-0.052
-0.042
-0.038
-0.038
-0.031
-0.009
-0.005
0.001
0.008
0.008
0.008
0.012
0.012
0.012
0.007
0.002
-0.001
-0.005
-0.005
-0.001
-0.001
-0.005
-0.005
-0.000
0.000
0.004
0.009
0.013
0.015
0.010
0.004
0.004
0.004
0.000
-0.010
-0.022
-0.025
-0.025
-0.025
-0.025
-0.025
-0.022
-0.021
-0.017
0.003
0.029
0.030
0.030
0.030
0.031
0.031
0.024
0.021
0.017
0.006
-0.007
-0.007
0.001
0.001
0.001
0.003
0.011
0.011
0.011
0.019
0.019
0.019
0.017
0.017
0.017
0.017
0.019
0.021
0.023
0.027
0.026
0.026
0.026
0.026
0.026
0.034
0.038
0.038
0.050
0.063
0.074
0.085
0.095
0.095
0.095
0.085
0.073
0.056
0.052
0.046
0.042
0.036
0.036
0.042
0.045
0.052
0.055
0.061
0.070
0.076
0.079
0.223
0.223
0.223
0.223
0.221
0.221
0.077
0.076
0.076
0.076
0.076
0.077
0.077
0.082
0.091
0.091
0.091
0.091
0.086
0.067
0.067
0.057
0.057
0.057
0.057
0.065
0.075
0.095
0.117
0.117
0.117
0.117
0.117
0.116
0.105
0.098
0.098
0.098
0.098
0.105
0.108
0.108
0.108
0.103
0.101
0.096
0.086
0.086
0.084
0.079
0.079
0.079
0.078
0.073
0.073
0.073
0.072
0.072
0.073
0.073
0.071
0.066
0.066
0.066
0.052
0.032
0.021
0.014
0.014
0.014
0.014
0.014
0.015
0.024
0.034
0.034
0.034
0.034
0.034
0.023
0.019
0.014
0.008
0.002
0.002
0.002
0.002
-0.003
-0.001
0.000
-0.003
-0.010
-0.007
-0.007
-0.015
-0.019
-0.022
-0.022
-0.022
-0.024
-0.024
-0.026
-0.034
-0.034
-0.034
-0.030
-0.030
-0.042
-0.051
-0.064
-0.064
-0.064
-0.064
-0.078
-0.089
-0.092
-0.094
-0.097
-0.097
-0.103
-0.097
-0.097
-0.097
-0.112
-0.126
-0.129
-0.131
