-0.064
-0.064
-0.064
-0.069
-0.109
-0.116
-0.119
-0.120
-0.124
-0.130
-0.135
-0.139
-0.142
-0.144
-0.147
-0.148
-0.148
-0.148
-0.148
-0.146
-0.146
-0.146
-0.146
-0.148
-0.148
-0.153
-0.159
-0.161
-0.165
-0.165
-0.165
-0.161
-0.161
-0.161
-0.161
-0.160
-0.153
-0.145
-0.145
-0.152
-0.173
-0.186
-0.188
-0.194
-0.203
-0.203
-0.203
-0.203
-0.206
-0.208
-0.205
-0.200
-0.200
-0.200
-0.200
-0.205
-0.208
-0.209
-0.209
-0.210
-0.210
-0.210
-0.210
-0.207
-0.207
-0.205
-0.202
-0.195
-0.188
-0.184
-0.181
-0.179
-0.178
-0.178
-0.178
-0.178
-0.178
-0.180
-0.187
-0.187
-0.188
-0.193
-0.196
-0.200
-0.200
-0.197
-0.196
-0.194
-0.191
-0.191
-0.191
-0.187
-0.185
-0.185
-0.185
-0.187
-0.188
-0.188
-0.191
-0.191
-0.191
-0.191
-0.191
-0.186
-0.181
-0.179
-0.175
-0.172
-0.172
-0.172
-0.174
-0.177
-0.179
-0.180
-0.180
-0.182
-0.182
-0.182
-0.183
-0.187
-0.187
-0.187
-0.186
-0.179
-0.179
-0.179
-0.179
-0.179
-0.179
-0.176
-0.176
-0.176
-0.176
-0.175
-0.175
-0.175
-0.178
-0.178
-0.178
-0.183
-0.187
-0.189
-0.191
-0.194
-0.194
-0.194
-0.194
-0.194
-0.188
-0.174
-0.173
-0.170
-0.169
-0.168
-0.166
-0.167
-0.168
-0.167
-0.165
-0.160
-0.157
-0.153
-0.096
0.021
0.342
0.342
0.342
0.342
0.342
0.212
-0.168
-0.168
-0.169
-0.169
-0.169
-0.162
-0.161
-0.160
-0.151
-0.143
-0.140
-0.137
-0.135
-0.135
-0.135
-0.137
-0.132
-0.134
-0.140
-0.145
-0.158
-0.165
-0.166
-0.164
-0.162
-0.162
-0.162
-0.162
-0.153
-0.153
-0.153
-0.153
-0.153
-0.154
-0.154
-0.154
-0.154
-0.157
-0.158
-0.151
-0.142
-0.142
-0.142
-0.142
-0.151
-0.151
-0.151
-0.146
-0.147
-0.155
-0.155
-0.147
-0.147
-0.147
-0.144
-0.152
-0.158
-0.158
-0.157
-0.157
-0.158
-0.159
-0.158
-0.160
-0.163
-0.170
-0.179
-0.183
-0.183
-0.178
-0.170
-0.169
-0.169
-0.163
-0.162
-0.156
-0.156
-0.156
-0.156
-0.156
-0.159
-0.164
-0.165
-0.167
-0.167
-0.167
-0.164
-0.161
-0.158
-0.158
-0.158
-0.159
-0.160
-0.160
-0.156
-0.156
-0.156
-0.156
-0.148
-0.133
-0.133
-0.133
-0.133
-0.133
-0.133
-0.135
-0.136
-0.139
-0.142
-0.144
-0.144
-0.143
-0.143
-0.143
-0.143
-0.140
-0.138
-0.133
-0.131
-0.122
-0.122
-0.122
-0.124
-0.124
-0.124
-0.134
-0.140
-0.145
-0.145
-0.145
-0.140
-0.145
-0.148
-0.146
-0.146
-0.146
-0.146
-0.143
-0.143
-0.143
-0.143
-0.141
-0.138
-0.138
-0.140
-0.140
-0.139
-0.139
-0.140
-0.140
-0.139
-0.139
-0.139
-0.136
-0.136
-0.136
-0.139
-0.136
-0.136
-0.138
-0.141
-0.143
-0.148
-0.153
-0.148
-0.143
-0.142
-0.142
-0.142
-0.144
-0.149
-0.149
-0.149
-0.160
-0.175
-0.178
-0.178
-0.178
-0.178
-0.178
-0.166
-0.151
-0.151
-0.151
-0.151
-0.151
-0.149
-0.152
-0.154
-0.154
-0.154
-0.154
-0.152
-0.152
-0.145
-0.138
-0.136
-0.136
-0.136
-0.138
-0.139
-0.146
-0.149
-0.152
-0.156
-0.162
-0.166
-0.169
-0.169
-0.163
-0.163
-0.162
-0.160
-0.160
-0.160
-0.156
-0.156
-0.156
-0.156
-0.159
-0.156
-0.155
-0.155
-0.156
-0.158
-0.158
-0.155
-0.152
-0.149
-0.147
-0.144
-0.144
-0.139
-0.139
-0.134
-0.131
-0.131
-0.132
-0.126
-0.120
-0.120
-0.120
-0.114
-0.082
-0.047
-0.006
-0.006
-0.006
-0.006
-0.014
-0.041
-0.113
-0.127
-0.141
-0.144
-0.147
-0.147
-0.150
-0.154
-0.163
-0.163
-0.163
-0.160
-0.150
-0.160
-0.169
-0.155
-0.141
-0.141
-0.141
-0.152
-0.152
-0.152
-0.152
-0.139
-0.137
-0.134
-0.134
-0.134
-0.134
-0.134
-0.134
-0.136
-0.141
-0.155
-0.166
-0.166
-0.170
-0.171
-0.171
-0.171
-0.169
-0.163
-0.157
-0.156
-0.156
-0.156
-0.156
-0.156
-0.163
-0.169
-0.171
-0.173
-0.173
-0.173
-0.172
-0.172
-0.173
-0.173
-0.172
-0.169
-0.169
-0.169
-0.169
-0.169
-0.166
-0.163
-0.163
-0.163
-0.163
-0.162
-0.162
-0.162
-0.164
-0.169
-0.169
-0.172
-0.168
-0.168
-0.168
-0.168
-0.164
-0.164
-0.164
-0.164
-0.165
-0.165
-0.165
-0.165
-0.165
-0.168
-0.172
-0.176
-0.176
-0.173
-0.173
-0.175
-0.175
-0.175
-0.175
-0.172
-0.167
-0.158
-0.157
-0.157
-0.149
-0.147
-0.147
-0.142
-0.133
-0.133
-0.139
-0.135
-0.135
-0.135
-0.145
-0.145
-0.145
-0.145
-0.145
-0.145
-0.148
-0.158
-0.162
-0.164
-0.164
-0.176
-0.186
-0.189
-0.192
-0.190
-0.190
-0.189
-0.190
-0.191
-0.191
-0.191
-0.192
-0.191
-0.189
-0.189
-0.188
-0.185
-0.178
-0.167
-0.160
-0.160
-0.159
-0.157
-0.155
-0.153
-0.153
-0.150
-0.150
-0.150
-0.149
-0.149
-0.149
-0.149
-0.151
-0.162
-0.165
-0.165
-0.169
-0.169
-0.169
-0.171
-0.171
-0.171
-0.171
-0.171
-0.177
-0.179
-0.181
-0.186
-0.186
-0.186
-0.186
-0.186
-0.179
-0.173
-0.173
-0.173
-0.173
-0.173
-0.178
-0.178
-0.178
-0.173
-0.173
-0.169
-0.151
-0.151
-0.151
-0.151
-0.151
-0.156
-0.166
-0.167
-0.172
-0.178
-0.181
-0.178
-0.178
-0.179
-0.181
-0.181
-0.182
-0.182
-0.182
-0.181
-0.180
-0.181
-0.181
-0.188
-0.194
-0.194
-0.184
-0.177
-0.184
-0.192
-0.194
-0.192
-0.184
-0.176
-0.174
-0.176
-0.182
-0.183
-0.177
-0.174
-0.172
-0.171
-0.171
-0.171
-0.171
-0.171
-0.171
-0.168
-0.161
-0.161
-0.155
-0.155
-0.155
-0.150
-0.133
-0.106
-0.106
-0.106
-0.106
-0.106
-0.112
-0.143
-0.150
-0.160
-0.166
-0.168
-0.168
-0.173
-0.177
-0.177
-0.177
-0.177
-0.177
-0.176
-0.180
-0.181
-0.175
-0.175
-0.175
-0.177
-0.181
-0.186
-0.191
-0.192
-0.189
-0.187
-0.187
-0.186
-0.181
-0.177
-0.178
-0.178
-0.178
-0.177
-0.179
-0.180
-0.180
-0.178
-0.180
-0.182
-0.180
-0.180
-0.179
-0.178
-0.178
-0.176
-0.175
-0.170
-0.167
-0.167
-0.166
-0.163
-0.163
-0.163
-0.163
-0.166
-0.169
-0.170
-0.171
-0.173
-0.174
-0.174
-0.174
-0.172
-0.172
-0.168
-0.168
-0.171
-0.170
-0.164
-0.161
-0.161
-0.165
-0.172
-0.173
-0.173
-0.170
-0.166
-0.162
-0.161
-0.166
-0.168
-0.168
-0.168
-0.170
-0.180
-0.185
-0.187
-0.187
-0.187
-0.187
-0.185
-0.183
-0.183
-0.185
-0.186
-0.179
-0.174
-0.179
-0.181
-0.181
-0.181
-0.179
-0.174
-0.169
-0.168
-0.166
-0.167
-0.167
-0.163
-0.163
-0.159
-0.155
-0.151
-0.151
-0.152
-0.151
-0.144
-0.135
-0.127
-0.127
-0.127
-0.131
-0.128
-0.120
-0.120
-0.131
-0.142
-0.144
-0.147
-0.144
-0.144
-0.145
-0.147
-0.156
-0.163
-0.165
-0.165
-0.165
-0.167
-0.171
-0.176
-0.177
-0.177
-0.177
-0.177
-0.177
-0.177
-0.177
-0.177
-0.168
-0.156
-0.156
-0.156
-0.156
-0.156
-0.161
-0.161
-0.160
-0.160
-0.166
-0.172
-0.176
-0.179
-0.177
-0.174
-0.169
-0.173
-0.173
-0.173
-0.173
-0.173
-0.173
-0.173
-0.173
-0.180
-0.189
-0.189
-0.189
-0.189
-0.185
-0.180
-0.179
-0.178
-0.178
-0.178
-0.178
-0.178
-0.179
-0.182
-0.182
-0.182
-0.181
-0.181
-0.177
-0.168
-0.168
-0.168
-0.167
-0.167
-0.169
-0.171
-0.172
-0.175
-0.179
-0.179
-0.179
-0.182
-0.184
-0.184
-0.183
-0.182
-0.180
-0.174
-0.174
-0.180
-0.182
-0.187
-0.181
-0.181
-0.179
-0.179
-0.179
-0.179
-0.177
-0.167
-0.162
-0.162
-0.162
-0.155
-0.150
-0.148
-0.150
-0.158
-0.165
-0.166
-0.167
-0.165
-0.157
-0.154
-0.154
-0.154
-0.136
-0.127
-0.120
-0.105
-0.073
-0.073
-0.073
-0.073
-0.073
-0.112
-0.173
-0.173
-0.173
-0.173
-0.173
-0.168
-0.162
-0.158
-0.154
-0.151
-0.147
-0.147
-0.151
-0.152
-0.149
-0.146
-0.146
-0.146
-0.146
-0.146
-0.149
-0.149
-0.146
-0.146
-0.145
-0.145
-0.149
-0.149
-0.145
-0.143
-0.143
-0.143
-0.150
-0.157
-0.164
-0.164
-0.167
-0.167
-0.167
-0.167
-0.167
-0.160
-0.150
-0.146
-0.140
-0.134
-0.131
-0.131
-0.131
-0.132
-0.132
-0.132
-0.131
-0.131
-0.131
-0.131
-0.131
-0.130
-0.130
-0.122
-0.120
-0.120
-0.115
-0.115
-0.115
-0.112
-0.105
-0.096
-0.090
-0.085
-0.082
-0.082
-0.082
-0.083
-0.085
-0.086
-0.086
-0.086
-0.086
-0.086
-0.086
-0.080
-0.071
-0.063
-0.056
-0.047
-0.042
-0.038
-0.022
-0.006
0.001
0.009
0.015
0.030
0.052
0.075
0.092
0.097
0.100
0.100
0.104
0.106
0.112
0.121
0.126
0.131
0.135
0.135
0.135
0.135
0.137
0.137
0.135
0.135
0.137
0.137
0.137
0.138
0.152
0.162
0.162
0.185
0.216
0.216
0.216
0.214
0.214
0.210
0.205
0.207
0.211
0.211
0.207
0.204
0.204
0.199
0.197
0.185
0.171
0.165
0.161
0.158
0.138
0.107
0.091
0.088
0.071
0.047
0.047
0.035
0.027
0.023
0.019
0.011
-0.003
-0.015
-0.017
-0.022
-0.030
-0.034
-0.034
-0.036
-0.037
-0.038
-0.041
-0.045
-0.054
-0.056
-0.056
-0.056
-0.057
-0.059
-0.059
-0.056
-0.059
-0.065
-0.069
-0.076
-0.083
-0.087
-0.087
-0.088
-0.091
-0.091
-0.091
-0.091
-0.095
-0.095
-0.093
-0.093
-0.093
-0.086
-0.084
-0.084
-0.088
-0.091
-0.091
-0.091
-0.091
-0.094
-0.096
-0.098
-0.101
-0.105
-0.107
-0.108
-0.110
-0.114
-0.120
-0.120
-0.121
-0.120
-0.118
-0.120
-0.121
-0.123
-0.121
-0.120
-0.116
-0.116
-0.116
-0.118
-0.118
-0.112
-0.112
-0.112
-0.112
-0.112
-0.112
-0.112
-0.112
-0.112
-0.113
-0.116
-0.115
-0.109
-0.103
-0.112
-0.123
-0.126
-0.121
-0.112
-0.104
-0.102
-0.098
0.036
0.035
0.035
0.035
0.035
0.034
-0.112
-0.124
-0.134
-0.138
-0.141
-0.143
-0.143
-0.143
-0.136
-0.125
-0.137
-0.145
-0.144
-0.144
-0.144
-0.145
-0.146
-0.147
-0.148
-0.148
-0.147
-0.146
-0.146
-0.146
-0.146
-0.143
-0.141
-0.141
-0.141
-0.141
-0.142
-0.143
-0.145
-0.147
-0.148
-0.148
-0.148
-0.146
-0.143
-0.136
-0.138
-0.129
-0.128
-0.128
-0.128
-0.129
-0.129
-0.136
-0.141
-0.143
-0.143
-0.144
-0.144
-0.144
-0.144
-0.144
-0.144
-0.145
-0.144
-0.141
-0.138
-0.138
-0.138
-0.138
-0.136
-0.128
-0.122
-0.120
-0.119
-0.119
-0.115
-0.115
-0.115
-0.116
-0.119
-0.120
-0.120
-0.122
-0.122
-0.122
-0.122
-0.122
-0.122
-0.126
-0.131
-0.131
-0.131
-0.133
-0.133
-0.134
-0.134
-0.134
-0.134
-0.133
-0.129
-0.129
-0.125
-0.119
-0.113
-0.110
-0.110
-0.113
-0.113
-0.114
-0.110
-0.108
-0.108
-0.110
-0.116
-0.122
-0.122
-0.125
-0.128
-0.128
-0.128
-0.128
-0.125
-0.108
-0.091
-0.064
-0.064
-0.064
-0.064
-0.064
-0.078
-0.118
-0.119
-0.119
-0.121
-0.124
-0.124
-0.124
-0.125
-0.125
-0.123
-0.122
-0.122
-0.122
-0.121
-0.119
-0.117
-0.116
-0.114
-0.110
-0.107
-0.101
-0.096
-0.092
-0.089
-0.091
-0.091
-0.091
-0.092
-0.101
-0.103
-0.105
-0.106
-0.109
-0.109
-0.106
-0.106
-0.106
-0.111
-0.117
-0.119
-0.119
-0.117
-0.111
-0.111
-0.113
-0.113
-0.114
-0.106
-0.101
-0.101
-0.104
-0.104
-0.104
-0.104
-0.104
-0.104
-0.102
-0.100
-0.099
-0.096
-0.087
-0.076
-0.073
-0.073
-0.073
-0.073
-0.073
-0.076
-0.076
-0.076
-0.080
-0.081
-0.083
-0.085
-0.082
-0.080
-0.084
-0.087
-0.090
-0.095
-0.095
-0.095
-0.094
-0.095
-0.096
-0.099
-0.101
-0.102
-0.102
-0.099
-0.099
-0.098
-0.098
-0.093
-0.093
-0.093
-0.093
-0.093
-0.093
-0.096
-0.096
-0.096
-0.096
-0.096
-0.095
-0.093
-0.093
-0.093
-0.093
-0.093
-0.093
-0.091
-0.091
-0.091
-0.092
-0.089
-0.087
-0.085
-0.083
-0.081
-0.036
-0.033
-0.033
-0.033
-0.033
-0.033
-0.077
-0.077
-0.077
-0.077
-0.080
-0.080
-0.076
-0.071
-0.071
-0.071
-0.071
-0.086
-0.104
-0.109
-0.109
-0.109
-0.109
-0.109
-0.110
-0.110
-0.109
-0.109
-0.108
-0.108
-0.108
-0.106
-0.106
-0.108
-0.108
-0.108
-0.108
-0.108
-0.108
-0.106
-0.106
-0.106
-0.106
-0.106
-0.106
-0.105
-0.105
-0.105
-0.106
-0.106
-0.105
-0.105
-0.105
-0.105
-0.105
-0.106
-0.108
-0.108
-0.107
-0.106
-0.106
-0.113
-0.117
-0.110
-0.102
-0.099
-0.098
-0.098
-0.098
-0.100
-0.101
-0.101
-0.101
-0.102
-0.106
-0.106
-0.106
-0.106
-0.106
-0.105
-0.102
-0.102
-0.101
-0.101
-0.098
-0.094
-0.094
-0.094
-0.098
-0.101
-0.098
-0.098
-0.098
-0.098
-0.102
-0.102
-0.099
-0.094
-0.094
-0.094
-0.096
-0.100
-0.105
-0.103
-0.099
-0.099
-0.099
-0.099
-0.099
-0.098
-0.097
-0.097
-0.097
-0.097
-0.096
-0.082
-0.082
-0.082
-0.083
-0.076
-0.069
-0.066
-0.062
-0.061
-0.061
-0.061
-0.061
-0.055
-0.055
-0.055
-0.059
-0.060
-0.063
-0.065
-0.067
-0.063
-0.059
-0.059
-0.059
-0.059
-0.059
-0.062
-0.064
-0.065
-0.066
-0.066
-0.066
-0.068
-0.068
-0.066
-0.065
-0.064
-0.063
-0.059
-0.059
-0.060
-0.064
-0.064
-0.069
-0.075
-0.077
-0.078
-0.081
-0.081
-0.081
-0.081
-0.079
-0.075
-0.074
-0.074
-0.074
-0.074
-0.068
-0.062
-0.065
-0.071
-0.075
-0.083
-0.083
-0.075
-0.073
-0.073
-0.081
-0.084
-0.089
-0.089
-0.089
-0.095
-0.095
-0.095
-0.095
-0.094
-0.093
-0.093
-0.090
-0.088
-0.087
-0.087
-0.087
-0.084
-0.077
-0.071
-0.070
-0.070
-0.067
-0.059
-0.059
-0.059
-0.059
-0.069
-0.074
-0.074
-0.074
-0.074
-0.075
-0.077
-0.077
-0.077
-0.079
-0.079
-0.076
-0.076
-0.076
-0.075
-0.072
-0.071
-0.070
-0.069
-0.069
-0.069
-0.069
-0.069
-0.069
-0.069
-0.069
-0.069
-0.071
-0.071
-0.071
-0.069
-0.069
-0.068
-0.068
-0.068
-0.068
-0.065
-0.062
-0.056
-0.051
-0.047
-0.044
-0.024
-0.024
-0.024
-0.024
-0.017
-0.017
-0.023
-0.029
-0.039
-0.043
-0.043
-0.041
-0.041
-0.041
-0.045
-0.050
-0.056
-0.060
-0.060
-0.059
-0.060
-0.061
-0.061
-0.061
-0.060
-0.060
-0.059
-0.057
-0.041
-0.041
-0.041
-0.040
-0.034
-0.026
-0.033
-0.040
-0.048
-0.055
-0.056
-0.055
-0.048
-0.043
-0.042
-0.046
-0.052
-0.053
-0.057
-0.049
-0.048
-0.050
-0.052
-0.056
-0.059
-0.059
-0.056
-0.052
-0.052
-0.056
-0.059
-0.059
-0.051
-0.045
-0.045
-0.050
-0.054
-0.059
-0.054
-0.054
-0.054
-0.060
-0.064
-0.065
-0.067
-0.067
-0.065
-0.065
-0.065
-0.058
-0.047
-0.044
-0.044
-0.044
-0.044
-0.044
-0.044
-0.044
-0.041
-0.035
-0.034
-0.034
-0.034
-0.034
-0.034
-0.042
-0.056
-0.056
-0.056
-0.056
-0.056
-0.055
-0.040
-0.040
-0.038
-0.035
-0.033
-0.032
-0.031
-0.031
-0.033
-0.036
-0.036
-0.034
-0.034
-0.032
-0.032
-0.032
-0.032
-0.031
-0.031
-0.031
-0.031
-0.030
-0.027
-0.027
-0.026
-0.010
-0.010
-0.010
-0.010
-0.010
-0.010
-0.029
-0.037
-0.037
-0.037
-0.037
-0.029
-0.023
-0.023
-0.023
-0.023
-0.023
-0.023
-0.025
-0.025
-0.025
-0.025
-0.025
-0.027
-0.024
-0.020
-0.014
-0.005
-0.001
-0.001
-0.002
0.001
0.009
0.009
0.009
0.002
-0.005
-0.014
-0.021
-0.016
-0.016
-0.016
-0.016
-0.016
-0.012
-0.012
-0.010
-0.010
-0.010
-0.010
-0.015
-0.015
-0.015
-0.015
-0.021
-0.023
-0.029
-0.029
-0.026
-0.023
-0.022
-0.023
-0.029
-0.029
-0.023
-0.023
-0.023
-0.025
-0.030
-0.030
-0.030
-0.025
-0.021
-0.023
-0.023
-0.017
-0.017
-0.013
-0.011
-0.008
-0.002
-0.002
-0.005
0.001
0.001
0.001
0.003
0.006
0.008
0.006
0.006
0.006
0.007
0.009
0.009
0.009
0.009
0.008
0.007
0.007
0.006
0.006
0.006
0.006
0.007
0.010
0.013
0.018
0.029
0.029
0.029
0.029
0.029
0.030
0.023
0.023
0.023
0.023
0.023
0.024
0.025
0.025
0.027
0.029
0.031
0.032
0.226
0.226
0.236
0.236
0.236
0.236
0.053
0.042
0.036
0.036
0.036
0.046
0.037
0.034
0.032
0.032
0.032
0.029
0.021
0.021
0.021
0.021
0.020
0.020
0.021
0.025
0.028
0.030
0.048
0.048
0.048
0.048
0.048
0.048
0.037
0.037
0.037
0.037
0.037
0.047
0.073
0.073
0.079
0.083
0.083
0.083
0.066
0.052
0.041
0.032
0.032
0.026
0.015
0.004
0.004
0.007
0.014
0.017
0.022
0.017
0.014
0.010
0.010
0.010
-0.003
-0.003
-0.003
-0.009
-0.013
-0.014
-0.014
-0.010
-0.002
0.002
0.004
0.002
-0.002
-0.007
-0.005
-0.005
-0.014
-0.014
-0.019
-0.021
-0.024
-0.024
-0.027
-0.033
-0.036
-0.039
-0.041
-0.042
-0.044
-0.044
-0.044
-0.044
-0.044
-0.044
-0.046
-0.055
-0.062
-0.062
-0.063
-0.062
-0.062
-0.062
-0.066
-0.066
-0.066
-0.066
-0.066
-0.075
-0.082
-0.086
-0.088
-0.090
-0.097
-0.109
-0.115
-0.117
-0.119
-0.121
-0.122
-0.125
-0.122
-0.125
-0.119
