-0.149
-0.149
-0.149
-0.138
-0.138
-0.138
-0.138
-0.149
-0.149
-0.155
-0.165
-0.163
-0.161
-0.163
-0.165
-0.172
-0.178
-0.181
-0.182
-0.185
-0.182
-0.182
-0.182
-0.185
-0.185
-0.185
-0.185
-0.190
-0.208
-0.230
-0.238
-0.238
-0.238
-0.238
-0.234
-0.233
-0.237
-0.233
-0.233
-0.233
-0.233
-0.240
-0.249
-0.255
-0.263
-0.269
-0.274
-0.274
-0.278
-0.275
-0.275
-0.275
-0.274
-0.268
-0.259
-0.252
-0.252
-0.245
-0.236
-0.236
-0.236
-0.236
-0.236
-0.234
-0.237
-0.240
-0.237
-0.234
-0.234
-0.232
-0.229
-0.222
-0.215
-0.207
-0.207
-0.207
-0.214
-0.214
-0.214
-0.214
-0.214
-0.214
-0.212
-0.213
-0.213
-0.213
-0.213
-0.208
-0.204
-0.203
-0.207
-0.213
-0.218
-0.219
-0.219
-0.219
-0.225
-0.225
-0.225
-0.225
-0.224
-0.221
-0.202
-0.190
-0.187
-0.184
-0.184
-0.184
-0.187
-0.190
-0.186
-0.183
-0.178
-0.177
-0.186
-0.187
-0.182
-0.182
-0.182
-0.182
-0.184
-0.184
-0.184
-0.193
-0.198
-0.198
-0.211
-0.211
-0.210
-0.196
-0.196
-0.207
-0.210
-0.211
-0.211
-0.220
-0.217
-0.216
-0.216
-0.216
-0.215
-0.203
-0.203
-0.203
-0.201
-0.199
-0.199
-0.199
-0.201
-0.202
-0.202
-0.204
-0.204
-0.203
-0.203
-0.203
-0.203
-0.203
-0.203
-0.201
-0.194
-0.188
-0.146
-0.046
0.228
0.228
0.228
0.228
0.228
0.129
-0.185
-0.207
-0.207
-0.207
-0.207
-0.185
-0.181
-0.173
-0.164
-0.164
-0.155
-0.143
-0.132
-0.132
-0.132
-0.132
-0.142
-0.164
-0.174
-0.174
-0.178
-0.178
-0.178
-0.178
-0.174
-0.174
-0.174
-0.164
-0.164
-0.164
-0.164
-0.167
-0.180
-0.182
-0.182
-0.182
-0.183
-0.184
-0.186
-0.188
-0.188
-0.188
-0.188
-0.185
-0.185
-0.185
-0.185
-0.176
-0.174
-0.174
-0.174
-0.174
-0.173
-0.176
-0.182
-0.192
-0.192
-0.192
-0.192
-0.187
-0.187
-0.185
-0.186
-0.184
-0.182
-0.180
-0.177
-0.177
-0.177
-0.180
-0.180
-0.179
-0.177
-0.174
-0.171
-0.168
-0.166
-0.170
-0.173
-0.173
-0.173
-0.174
-0.183
-0.189
-0.189
-0.189
-0.189
-0.190
-0.190
-0.190
-0.193
-0.196
-0.193
-0.185
-0.185
-0.185
-0.185
-0.178
-0.174
-0.174
-0.174
-0.167
-0.162
-0.162
-0.162
-0.179
-0.193
-0.193
-0.193
-0.190
-0.186
-0.186
-0.186
-0.180
-0.180
-0.175
-0.166
-0.141
-0.141
-0.141
-0.166
-0.185
-0.185
-0.185
-0.179
-0.172
-0.172
-0.175
-0.166
-0.162
-0.154
-0.154
-0.157
-0.166
-0.166
-0.175
-0.195
-0.203
-0.203
-0.203
-0.203
-0.203
-0.194
-0.194
-0.194
-0.187
-0.181
-0.181
-0.181
-0.179
-0.179
-0.179
-0.169
-0.165
-0.158
-0.141
-0.125
-0.121
-0.121
-0.126
-0.141
-0.158
-0.165
-0.167
-0.167
-0.167
-0.167
-0.167
-0.164
-0.164
-0.164
-0.165
-0.170
-0.180
-0.189
-0.189
-0.195
-0.195
-0.195
-0.184
-0.178
-0.177
-0.177
-0.177
-0.173
-0.167
-0.167
-0.167
-0.172
-0.172
-0.172
-0.170
-0.162
-0.146
-0.146
-0.140
-0.127
-0.127
-0.127
-0.127
-0.127
-0.157
-0.168
-0.168
-0.168
-0.168
-0.168
-0.159
-0.159
-0.159
-0.156
-0.156
-0.154
-0.154
-0.154
-0.156
-0.159
-0.154
-0.148
-0.144
-0.141
-0.139
-0.136
-0.131
-0.131
-0.131
-0.131
-0.131
-0.139
-0.145
-0.149
-0.153
-0.158
-0.158
-0.158
-0.158
-0.158
-0.148
-0.146
-0.123
-0.098
-0.087
-0.083
-0.074
-0.074
0.074
0.074
0.074
0.088
0.116
0.116
-0.006
-0.041
-0.064
-0.092
-0.103
-0.103
-0.113
-0.128
-0.138
-0.138
-0.138
-0.132
-0.139
-0.165
-0.165
-0.151
-0.144
-0.144
-0.144
-0.151
-0.162
-0.174
-0.174
-0.158
-0.155
-0.155
-0.152
-0.123
-0.123
-0.123
-0.123
-0.123
-0.134
-0.159
-0.159
-0.159
-0.159
-0.159
-0.152
-0.146
-0.146
-0.146
-0.146
-0.137
-0.137
-0.137
-0.132
-0.132
-0.132
-0.132
-0.132
-0.131
-0.129
-0.128
-0.131
-0.132
-0.133
-0.134
-0.141
-0.151
-0.160
-0.166
-0.169
-0.170
-0.170
-0.170
-0.170
-0.169
-0.162
-0.137
-0.135
-0.135
-0.134
-0.129
-0.129
-0.144
-0.146
-0.150
-0.154
-0.159
-0.159
-0.153
-0.159
-0.163
-0.163
-0.164
-0.164
-0.169
-0.175
-0.179
-0.182
-0.182
-0.180
-0.176
-0.176
-0.176
-0.176
-0.173
-0.173
-0.173
-0.167
-0.156
-0.156
-0.156
-0.156
-0.161
-0.161
-0.161
-0.148
-0.138
-0.119
-0.128
-0.139
-0.134
-0.134
-0.134
-0.134
-0.134
-0.160
-0.162
-0.166
-0.166
-0.162
-0.162
-0.157
-0.154
-0.174
-0.189
-0.172
-0.172
-0.171
-0.162
-0.162
-0.162
-0.162
-0.162
-0.157
-0.150
-0.141
-0.141
-0.141
-0.126
-0.125
-0.136
-0.141
-0.146
-0.150
-0.150
-0.150
-0.140
-0.130
-0.144
-0.150
-0.140
-0.138
-0.138
-0.133
-0.133
-0.140
-0.145
-0.145
-0.140
-0.133
-0.132
-0.129
-0.129
-0.129
-0.136
-0.136
-0.136
-0.156
-0.156
-0.156
-0.156
-0.156
-0.150
-0.144
-0.144
-0.144
-0.134
-0.134
-0.137
-0.139
-0.139
-0.139
-0.145
-0.145
-0.145
-0.139
-0.138
-0.133
-0.129
-0.129
-0.134
-0.132
-0.124
-0.124
-0.124
-0.124
-0.124
-0.126
-0.126
-0.123
-0.123
-0.125
-0.128
-0.129
-0.129
-0.138
-0.152
-0.156
-0.156
-0.156
-0.156
-0.151
-0.147
-0.140
-0.132
-0.132
-0.132
-0.132
-0.136
-0.142
-0.147
-0.154
-0.154
-0.156
-0.166
-0.166
-0.166
-0.158
-0.153
-0.144
-0.144
-0.144
-0.153
-0.163
-0.154
-0.158
-0.166
-0.166
-0.166
-0.166
-0.158
-0.141
0.003
0.017
0.017
0.017
0.017
0.017
-0.106
-0.116
-0.124
-0.137
-0.137
-0.137
-0.137
-0.137
-0.133
-0.056
0.053
0.053
0.053
0.053
0.053
-0.068
-0.148
-0.148
-0.152
-0.156
-0.156
-0.156
-0.156
-0.145
-0.122
-0.122
-0.122
-0.122
-0.121
-0.121
-0.133
-0.133
-0.133
-0.133
-0.135
-0.137
-0.137
-0.137
-0.138
-0.138
-0.140
-0.149
-0.149
-0.154
-0.154
-0.148
-0.140
-0.137
-0.135
-0.139
-0.145
-0.145
-0.154
-0.158
-0.158
-0.166
-0.166
-0.166
-0.166
-0.166
-0.166
-0.172
-0.172
-0.165
-0.165
-0.166
-0.174
-0.180
-0.184
-0.185
-0.185
-0.185
-0.187
-0.187
-0.187
-0.187
-0.185
-0.172
-0.172
-0.172
-0.172
-0.156
-0.140
-0.140
-0.140
-0.149
-0.156
-0.158
-0.153
-0.151
-0.147
-0.134
-0.147
-0.149
-0.152
-0.156
-0.152
-0.149
-0.147
-0.147
-0.153
-0.157
-0.157
-0.157
-0.157
-0.169
-0.183
-0.185
-0.189
-0.189
-0.185
-0.189
-0.191
-0.191
-0.186
-0.177
-0.167
-0.164
-0.164
-0.167
-0.179
-0.170
-0.162
-0.161
-0.166
-0.172
-0.172
-0.178
-0.172
-0.167
-0.161
-0.146
-0.148
-0.153
-0.138
-0.138
-0.133
-0.133
-0.133
-0.133
-0.133
-0.128
-0.128
-0.128
-0.129
-0.129
-0.137
-0.153
-0.153
-0.153
-0.153
-0.153
-0.143
-0.130
-0.127
-0.123
-0.114
-0.102
-0.102
-0.114
-0.126
-0.114
-0.114
-0.120
-0.136
-0.136
-0.136
-0.142
-0.142
-0.142
-0.143
-0.143
-0.147
-0.147
-0.147
-0.152
-0.157
-0.158
-0.158
-0.158
-0.161
-0.167
-0.167
-0.161
-0.153
-0.153
-0.153
-0.157
-0.165
-0.167
-0.172
-0.178
-0.192
-0.192
-0.192
-0.192
-0.192
-0.187
-0.183
-0.183
-0.183
-0.169
-0.165
-0.169
-0.169
-0.169
-0.169
-0.171
-0.171
-0.171
-0.171
-0.169
-0.176
-0.179
-0.183
-0.187
-0.187
-0.187
-0.184
-0.180
-0.174
-0.180
-0.180
-0.180
-0.180
-0.180
-0.185
-0.201
-0.212
-0.215
-0.215
-0.215
-0.215
-0.213
-0.211
-0.211
-0.206
-0.197
-0.191
-0.189
-0.174
-0.174
-0.174
-0.161
-0.097
0.142
0.142
0.142
0.142
0.142
0.096
-0.155
-0.159
-0.162
-0.168
-0.173
-0.173
-0.176
-0.176
-0.176
-0.176
-0.176
-0.176
-0.176
-0.182
-0.170
-0.170
-0.184
-0.204
-0.205
-0.211
-0.217
-0.211
-0.205
-0.205
-0.209
-0.209
-0.205
-0.203
-0.205
-0.205
-0.205
-0.209
-0.216
-0.222
-0.225
-0.227
-0.228
-0.229
-0.229
-0.229
-0.234
-0.240
-0.240
-0.240
-0.240
-0.241
-0.239
-0.239
-0.237
-0.237
-0.237
-0.235
-0.235
-0.235
-0.228
-0.220
-0.210
-0.209
-0.209
-0.203
-0.203
-0.203
-0.210
-0.215
-0.215
-0.215
-0.220
-0.220
-0.215
-0.215
-0.202
-0.189
-0.188
-0.187
-0.187
-0.186
-0.185
-0.182
-0.178
-0.182
-0.182
-0.182
-0.182
-0.178
-0.178
-0.183
-0.184
-0.184
-0.184
-0.184
-0.182
-0.182
-0.184
-0.184
-0.185
-0.184
-0.179
-0.174
-0.174
-0.174
-0.164
-0.152
-0.146
-0.141
-0.137
-0.135
-0.132
-0.121
-0.117
-0.098
-0.089
-0.089
-0.089
-0.089
-0.084
-0.084
-0.081
-0.073
-0.081
-0.089
-0.097
-0.091
-0.087
-0.061
-0.050
-0.051
-0.051
-0.051
-0.039
-0.031
-0.023
-0.023
-0.026
-0.022
-0.021
-0.019
-0.019
-0.019
-0.017
-0.015
-0.002
0.011
0.017
0.025
0.030
0.030
0.033
0.033
0.033
0.038
0.040
0.041
0.043
0.054
0.057
0.057
0.066
0.081
0.096
0.102
0.109
0.109
0.116
0.125
0.133
0.144
0.155
0.159
0.161
0.167
0.174
0.189
0.208
0.213
0.216
0.225
0.234
0.234
0.234
0.226
0.226
0.225
0.225
0.232
0.232
0.229
0.229
0.223
0.223
0.223
0.223
0.223
0.236
0.236
0.217
0.192
0.180
0.178
0.170
0.170
0.170
0.153
0.130
0.114
0.114
0.114
0.114
0.108
0.102
0.102
0.102
0.103
0.110
0.103
0.092
0.082
0.081
0.076
0.068
0.059
0.046
0.035
0.024
0.016
0.016
0.014
0.008
-0.002
-0.017
-0.036
-0.049
-0.070
-0.078
-0.078
-0.078
-0.078
-0.085
-0.078
-0.070
-0.067
-0.048
-0.028
-0.016
-0.002
0.002
0.194
0.194
0.194
0.194
0.194
0.144
-0.112
-0.129
-0.129
-0.129
-0.132
-0.129
-0.129
-0.126
-0.118
-0.107
-0.104
-0.104
-0.104
-0.104
-0.104
-0.115
-0.115
-0.115
-0.115
-0.115
-0.115
-0.107
-0.102
-0.085
-0.085
-0.085
-0.076
-0.076
-0.076
-0.093
-0.106
-0.108
-0.122
-0.137
-0.137
-0.137
-0.137
-0.137
-0.123
-0.123
-0.123
-0.114
-0.114
-0.114
-0.130
-0.147
-0.159
-0.164
-0.164
-0.157
-0.157
-0.157
-0.157
-0.157
-0.157
-0.142
-0.130
-0.126
-0.126
-0.116
-0.116
-0.120
-0.118
-0.109
-0.109
-0.118
-0.127
-0.132
-0.132
-0.137
-0.137
-0.132
-0.137
-0.144
-0.144
-0.139
-0.139
-0.138
-0.131
-0.120
-0.120
-0.109
-0.107
-0.107
-0.107
-0.107
-0.107
-0.108
-0.108
-0.118
-0.118
-0.118
-0.104
-0.104
-0.104
-0.104
-0.104
-0.114
-0.114
-0.105
-0.105
-0.105
-0.105
-0.093
-0.093
-0.093
-0.093
-0.093
-0.103
-0.137
-0.142
-0.142
-0.142
-0.142
-0.149
-0.135
-0.120
-0.112
-0.111
-0.110
-0.110
-0.102
-0.092
-0.092
-0.092
-0.092
-0.102
-0.119
-0.120
-0.120
-0.120
-0.128
-0.135
-0.135
-0.135
-0.127
-0.119
-0.113
-0.119
-0.122
-0.118
-0.118
-0.118
-0.118
-0.118
-0.118
-0.118
-0.118
-0.112
-0.098
-0.098
-0.098
-0.098
-0.098
-0.120
-0.122
-0.122
-0.122
-0.122
-0.122
-0.113
-0.112
-0.112
-0.112
-0.111
-0.113
-0.113
-0.113
-0.114
-0.117
-0.116
-0.116
-0.111
-0.111
-0.112
-0.112
-0.115
-0.118
-0.118
-0.124
-0.124
-0.124
-0.128
-0.129
-0.133
-0.133
-0.133
-0.133
-0.133
-0.133
-0.136
-0.136
-0.136
-0.134
-0.126
-0.141
-0.141
-0.126
-0.116
-0.113
-0.109
-0.104
-0.100
-0.089
-0.089
-0.089
-0.089
-0.089
-0.091
-0.095
-0.095
-0.099
-0.102
-0.106
-0.106
-0.106
-0.106
-0.109
-0.118
-0.129
-0.133
-0.134
-0.135
-0.135
-0.135
-0.135
-0.134
-0.113
-0.090
-0.090
-0.090
-0.090
-0.090
-0.095
-0.106
-0.106
-0.106
-0.106
-0.113
-0.113
-0.103
-0.094
-0.087
-0.070
-0.049
-0.049
-0.050
-0.050
-0.050
-0.050
-0.078
-0.104
-0.104
-0.104
-0.104
-0.104
-0.104
-0.095
-0.055
-0.045
-0.039
-0.030
-0.030
-0.052
-0.068
-0.068
-0.075
-0.075
-0.075
-0.069
-0.068
-0.070
-0.071
-0.071
-0.071
-0.068
-0.064
-0.065
-0.066
-0.070
-0.074
-0.074
-0.070
-0.066
-0.066
-0.066
-0.071
-0.072
-0.076
-0.077
-0.082
-0.085
-0.085
-0.085
-0.078
-0.078
-0.087
-0.094
-0.103
-0.103
-0.087
-0.084
-0.094
-0.094
-0.094
-0.091
-0.085
-0.078
-0.070
-0.063
-0.063
-0.058
-0.054
-0.056
-0.059
-0.059
-0.059
-0.080
-0.113
-0.121
-0.121
-0.121
-0.121
-0.115
-0.113
-0.106
-0.102
-0.096
-0.096
-0.096
-0.099
-0.102
-0.102
-0.102
-0.090
-0.076
-0.076
-0.076
-0.059
-0.059
-0.059
-0.057
-0.057
-0.057
-0.069
-0.076
-0.083
-0.086
-0.086
-0.086
-0.086
-0.091
-0.091
-0.091
-0.091
-0.087
-0.086
-0.086
-0.093
-0.093
-0.093
-0.089
-0.082
-0.079
-0.079
-0.079
-0.079
-0.077
-0.069
-0.069
-0.069
-0.069
-0.058
-0.048
-0.055
-0.055
-0.055
-0.055
-0.057
-0.057
-0.055
-0.050
-0.052
-0.057
-0.061
-0.061
-0.061
-0.063
-0.061
-0.055
-0.055
-0.055
-0.043
-0.043
-0.043
-0.043
-0.047
-0.041
-0.041
-0.054
-0.063
-0.069
-0.077
-0.069
-0.063
-0.063
-0.063
-0.063
-0.063
-0.069
-0.069
-0.069
-0.059
-0.059
-0.062
-0.062
-0.073
-0.073
-0.073
-0.055
-0.046
-0.046
-0.049
-0.053
-0.053
-0.053
-0.053
-0.053
-0.053
-0.061
-0.065
-0.065
-0.071
-0.070
-0.067
-0.067
-0.067
-0.069
-0.075
-0.075
-0.084
-0.084
-0.084
-0.084
-0.084
-0.075
-0.061
-0.067
-0.061
-0.061
-0.061
-0.061
-0.055
-0.055
-0.055
-0.055
-0.055
-0.041
-0.041
-0.041
-0.041
-0.041
-0.039
-0.039
-0.042
-0.046
-0.046
-0.054
-0.058
-0.069
-0.072
-0.069
-0.069
-0.069
-0.055
-0.039
-0.039
-0.034
-0.034
-0.034
-0.034
-0.034
-0.041
-0.047
-0.047
-0.047
-0.047
-0.047
-0.050
-0.058
-0.047
-0.029
-0.020
-0.007
0.002
0.002
0.040
0.040
0.040
0.044
0.076
0.076
0.057
0.029
0.010
0.000
0.000
0.010
0.029
0.047
0.035
0.020
0.010
0.004
0.016
0.021
0.011
-0.002
-0.014
-0.017
-0.017
-0.014
-0.002
-0.002
-0.014
-0.028
-0.028
-0.026
0.003
0.006
-0.011
-0.014
-0.024
-0.019
-0.014
-0.014
-0.016
-0.016
-0.016
-0.016
-0.019
-0.018
-0.016
-0.011
-0.011
-0.004
-0.004
-0.003
-0.004
-0.006
-0.004
-0.004
-0.005
-0.008
-0.011
-0.017
-0.017
-0.017
-0.017
-0.024
-0.027
-0.029
-0.032
-0.034
-0.041
-0.048
-0.048
-0.048
-0.048
-0.048
-0.042
-0.025
-0.013
-0.013
-0.013
-0.009
0.001
-0.002
-0.002
-0.002
-0.002
0.010
0.016
0.021
0.030
0.030
0.030
0.030
0.030
0.020
0.004
0.002
-0.010
-0.015
-0.015
-0.015
-0.015
-0.015
-0.008
-0.008
-0.008
-0.008
-0.008
-0.016
-0.024
-0.024
-0.015
-0.008
-0.005
-0.005
-0.005
0.001
0.001
0.001
0.001
0.001
0.013
0.019
0.019
0.019
0.009
0.007
0.007
0.007
0.010
-0.002
-0.006
-0.006
-0.006
-0.006
-0.004
-0.004
-0.004
-0.004
-0.006
-0.006
-0.007
-0.007
-0.007
-0.007
-0.007
-0.003
-0.005
-0.004
0.005
0.012
0.029
0.041
0.034
0.023
0.012
0.023
0.027
0.027
0.035
0.035
0.035
0.035
0.039
0.039
0.040
0.036
0.036
0.040
0.040
0.040
0.042
0.042
0.042
0.042
0.040
0.040
0.040
0.031
0.018
0.006
0.006
0.006
0.006
0.006
0.005
0.003
-0.004
-0.009
-0.009
0.000
0.000
0.000
0.000
0.000
0.012
0.029
0.033
0.037
0.040
0.040
0.040
0.038
0.040
0.044
0.050
0.050
0.047
0.043
0.041
0.047
0.050
0.052
0.054
0.056
0.054
0.049
0.047
0.047
0.051
0.051
0.051
0.054
0.058
0.058
0.068
0.068
0.072
0.075
0.075
0.075
0.073
0.068
0.064
0.064
0.064
0.069
0.064
0.064
0.068
0.073
0.075
0.075
0.075
0.073
0.073
0.073
0.082
0.100
0.100
0.109
0.116
0.191
0.191
0.191
0.198
0.206
0.206
0.146
0.138
0.130
0.130
0.130
0.138
0.138
0.135
0.126
0.110
0.110
0.110
0.086
0.072
0.066
0.066
0.066
0.066
0.068
0.077
0.082
0.083
0.083
0.083
0.083
0.090
0.090
0.083
0.079
0.075
0.075
0.075
0.087
0.104
0.114
0.114
0.098
0.098
0.098
0.098
0.076
0.073
0.071
0.071
0.071
0.072
0.071
0.072
0.072
0.072
0.070
0.070
0.075
0.075
0.075
0.089
0.089
0.084
0.084
0.084
0.074
0.043
0.038
0.028
0.018
0.018
0.018
0.021
0.030
0.037
0.037
0.042
0.050
0.054
0.054
0.051
0.046
0.046
0.039
0.010
-0.008
-0.012
-0.016
-0.020
-0.024
-0.029
-0.026
-0.020
-0.020
-0.020
-0.028
-0.039
-0.045
-0.045
-0.045
-0.040
-0.040
-0.043
-0.047
-0.050
-0.050
-0.047
-0.044
-0.037
-0.037
-0.037
-0.041
-0.048
-0.052
-0.052
-0.054
-0.069
-0.072
-0.084
-0.096
-0.118
-0.139
-0.140
-0.141
-0.143
-0.139
