0.034
-0.004
-0.010
-0.041
-0.116
-0.133
-0.146
-0.150
-0.165
-0.153
-0.165
-0.165
-0.179
-0.180
-0.182
-0.182
-0.200
-0.211
-0.212
-0.218
-0.218
-0.212
-0.212
-0.212
-0.218
-0.218
-0.218
-0.240
-0.262
-0.285
-0.307
-0.307
-0.307
-0.307
-0.307
-0.300
-0.281
-0.264
-0.264
-0.264
-0.264
-0.264
-0.272
-0.295
-0.309
-0.312
-0.312
-0.312
-0.312
-0.312
-0.315
-0.315
-0.312
-0.306
-0.300
-0.291
-0.296
-0.309
-0.309
-0.309
-0.298
-0.284
-0.302
-0.312
-0.312
-0.312
-0.304
-0.294
-0.273
-0.245
-0.232
-0.223
-0.215
-0.215
-0.215
-0.213
-0.207
-0.196
-0.196
-0.196
-0.223
-0.248
-0.248
-0.235
-0.248
-0.262
-0.262
-0.262
-0.240
-0.222
-0.214
-0.207
-0.202
-0.197
-0.197
-0.197
-0.197
-0.197
-0.203
-0.214
-0.224
-0.228
-0.235
-0.235
-0.228
-0.226
-0.235
-0.235
-0.235
-0.231
-0.213
-0.213
-0.213
-0.237
-0.264
-0.264
-0.242
-0.218
-0.218
-0.218
-0.217
-0.197
-0.179
-0.179
-0.179
-0.179
-0.160
-0.147
-0.139
-0.146
-0.152
-0.169
-0.197
-0.197
-0.197
-0.206
-0.210
-0.210
-0.210
-0.215
-0.215
-0.209
-0.202
-0.198
-0.195
-0.187
-0.181
-0.188
-0.198
-0.198
-0.208
-0.211
-0.205
-0.224
-0.236
-0.236
-0.236
-0.224
-0.205
-0.184
-0.165
-0.148
-0.105
0.044
0.115
0.115
0.115
0.115
0.115
-0.049
-0.196
-0.196
-0.196
-0.198
-0.221
-0.221
-0.209
-0.224
-0.224
-0.207
-0.187
-0.187
-0.187
-0.166
-0.166
-0.166
-0.179
-0.179
-0.179
-0.212
-0.226
-0.235
-0.235
-0.246
-0.258
-0.258
-0.246
-0.234
-0.226
-0.234
-0.234
-0.234
-0.245
-0.240
-0.234
-0.222
-0.222
-0.222
-0.222
-0.201
-0.190
-0.190
-0.190
-0.190
-0.190
-0.201
-0.208
-0.208
-0.209
-0.209
-0.212
-0.217
-0.221
-0.224
-0.233
-0.234
-0.244
-0.250
-0.250
-0.250
-0.250
-0.245
-0.245
-0.245
-0.245
-0.248
-0.255
-0.259
-0.259
-0.259
-0.261
-0.261
-0.261
-0.255
-0.251
-0.245
-0.238
-0.238
-0.240
-0.240
-0.240
-0.240
-0.243
-0.247
-0.243
-0.243
-0.243
-0.228
-0.213
-0.213
-0.213
-0.237
-0.227
-0.208
-0.208
-0.227
-0.246
-0.262
-0.262
-0.251
-0.245
-0.240
-0.222
-0.222
-0.222
-0.199
-0.189
-0.176
-0.176
-0.176
-0.176
-0.173
-0.173
-0.186
-0.207
-0.199
-0.199
-0.199
-0.173
-0.140
-0.145
-0.167
-0.175
-0.175
-0.175
-0.216
-0.229
-0.239
-0.242
-0.275
-0.261
-0.249
-0.265
-0.268
-0.268
-0.268
-0.268
-0.259
-0.238
-0.238
-0.234
-0.229
-0.229
-0.229
-0.244
-0.252
-0.260
-0.280
-0.280
-0.278
-0.278
-0.278
-0.278
-0.252
-0.252
-0.252
-0.252
-0.250
-0.254
-0.254
-0.269
-0.269
-0.269
-0.269
-0.269
-0.269
-0.254
-0.249
-0.243
-0.243
-0.243
-0.253
-0.267
-0.267
-0.250
-0.226
-0.250
-0.267
-0.276
-0.277
-0.293
-0.284
-0.276
-0.284
-0.284
-0.284
-0.276
-0.269
-0.269
-0.276
-0.269
-0.269
-0.279
-0.265
-0.262
-0.262
-0.279
-0.283
-0.266
-0.239
-0.248
-0.248
-0.248
-0.275
-0.281
-0.281
-0.278
-0.275
-0.281
-0.285
-0.285
-0.281
-0.264
-0.240
-0.236
-0.236
-0.247
-0.262
-0.245
-0.245
-0.264
-0.264
-0.264
-0.270
-0.270
-0.253
-0.253
-0.253
-0.275
-0.275
-0.275
-0.290
-0.290
-0.290
-0.290
-0.290
-0.284
-0.284
-0.273
-0.259
-0.224
-0.191
-0.170
-0.138
-0.097
-0.097
-0.097
-0.097
-0.097
-0.094
-0.157
-0.217
-0.254
-0.262
-0.262
-0.248
-0.240
-0.234
-0.225
-0.225
-0.225
-0.211
-0.211
-0.211
-0.211
-0.224
-0.226
-0.226
-0.232
-0.235
-0.235
-0.235
-0.235
-0.229
-0.209
-0.187
-0.180
-0.174
-0.174
-0.174
-0.180
-0.187
-0.215
-0.231
-0.270
-0.309
-0.309
-0.309
-0.281
-0.281
-0.281
-0.259
-0.261
-0.279
-0.279
-0.279
-0.301
-0.306
-0.306
-0.301
-0.290
-0.301
-0.316
-0.316
-0.295
-0.280
-0.273
-0.271
-0.271
-0.273
-0.273
-0.273
-0.271
-0.265
-0.265
-0.253
-0.244
-0.253
-0.261
-0.261
-0.261
-0.261
-0.267
-0.277
-0.280
-0.284
-0.291
-0.297
-0.298
-0.298
-0.294
-0.289
-0.289
-0.295
-0.302
-0.306
-0.308
-0.314
-0.303
-0.297
-0.320
-0.320
-0.320
-0.318
-0.296
-0.288
-0.288
-0.287
-0.296
-0.303
-0.303
-0.303
-0.311
-0.321
-0.334
-0.334
-0.336
-0.336
-0.336
-0.332
-0.329
-0.287
-0.259
-0.259
-0.245
-0.226
-0.195
-0.195
-0.195
-0.195
-0.214
-0.214
-0.198
-0.198
-0.198
-0.227
-0.278
-0.278
-0.278
-0.301
-0.286
-0.263
-0.263
-0.263
-0.228
-0.213
-0.213
-0.213
-0.224
-0.224
-0.224
-0.256
-0.284
-0.293
-0.302
-0.312
-0.313
-0.313
-0.313
-0.313
-0.311
-0.274
-0.218
-0.218
-0.218
-0.218
-0.218
-0.228
-0.251
-0.269
-0.283
-0.283
-0.288
-0.294
-0.306
-0.304
-0.301
-0.309
-0.309
-0.301
-0.292
-0.292
-0.285
-0.262
-0.246
-0.234
-0.234
-0.234
-0.234
-0.246
-0.257
-0.281
-0.281
-0.281
-0.294
-0.300
-0.300
-0.296
-0.293
-0.261
-0.217
-0.206
-0.217
-0.217
-0.197
-0.197
-0.197
-0.197
-0.207
-0.245
-0.265
-0.268
-0.274
-0.280
-0.280
-0.287
-0.287
-0.297
-0.302
-0.304
-0.304
-0.302
-0.297
-0.297
-0.297
-0.303
-0.300
-0.282
-0.253
-0.253
-0.265
-0.300
-0.313
-0.313
-0.287
-0.289
-0.289
-0.289
-0.315
-0.289
-0.267
-0.258
-0.244
-0.237
-0.230
-0.230
-0.231
-0.246
-0.246
-0.220
-0.234
-0.261
-0.261
-0.261
-0.261
-0.230
-0.230
-0.230
-0.230
-0.257
-0.278
-0.284
-0.284
-0.298
-0.298
-0.298
-0.291
-0.277
-0.268
-0.266
-0.243
-0.210
-0.210
-0.210
-0.210
-0.210
-0.238
-0.293
-0.313
-0.313
-0.313
-0.313
-0.313
-0.305
-0.292
-0.281
-0.277
-0.277
-0.277
-0.277
-0.281
-0.284
-0.287
-0.287
-0.287
-0.287
-0.295
-0.287
-0.279
-0.279
-0.279
-0.281
-0.291
-0.299
-0.316
-0.324
-0.324
-0.324
-0.324
-0.320
-0.314
-0.299
-0.285
-0.300
-0.299
-0.299
-0.298
-0.292
-0.298
-0.298
-0.308
-0.316
-0.320
-0.320
-0.324
-0.349
-0.366
-0.366
-0.366
-0.366
-0.366
-0.358
-0.353
-0.350
-0.342
-0.316
-0.296
-0.296
-0.296
-0.296
-0.296
-0.306
-0.314
-0.319
-0.325
-0.333
-0.333
-0.333
-0.325
-0.315
-0.313
-0.305
-0.298
-0.287
-0.287
-0.272
-0.265
-0.265
-0.265
-0.265
-0.265
-0.257
-0.257
-0.257
-0.257
-0.265
-0.289
-0.295
-0.321
-0.342
-0.342
-0.342
-0.342
-0.342
-0.322
-0.297
-0.279
-0.253
-0.226
-0.203
-0.169
-0.148
-0.148
-0.148
-0.148
-0.148
-0.191
-0.227
-0.227
-0.232
-0.237
-0.237
-0.237
-0.237
-0.242
-0.246
-0.246
-0.259
-0.276
-0.276
-0.285
-0.292
-0.301
-0.313
-0.313
-0.313
-0.302
-0.284
-0.292
-0.306
-0.303
-0.292
-0.275
-0.269
-0.260
-0.262
-0.269
-0.286
-0.288
-0.288
-0.288
-0.301
-0.303
-0.307
-0.315
-0.315
-0.324
-0.328
-0.324
-0.315
-0.315
-0.324
-0.324
-0.302
-0.279
-0.284
-0.273
-0.271
-0.273
-0.284
-0.284
-0.284
-0.295
-0.301
-0.311
-0.311
-0.311
-0.311
-0.301
-0.284
-0.266
-0.255
-0.255
-0.255
-0.249
-0.246
-0.246
-0.246
-0.249
-0.246
-0.243
-0.243
-0.243
-0.243
-0.247
-0.256
-0.267
-0.275
-0.285
-0.300
-0.310
-0.315
-0.315
-0.315
-0.315
-0.316
-0.316
-0.316
-0.316
-0.306
-0.306
-0.306
-0.301
-0.316
-0.318
-0.323
-0.318
-0.301
-0.301
-0.301
-0.284
-0.284
-0.299
-0.312
-0.312
-0.281
-0.282
-0.314
-0.336
-0.336
-0.336
-0.304
-0.283
-0.281
-0.271
-0.260
-0.257
-0.257
-0.257
-0.257
-0.258
-0.286
-0.300
-0.309
-0.309
-0.315
-0.319
-0.319
-0.319
-0.315
-0.306
-0.293
-0.293
-0.289
-0.283
-0.254
-0.233
-0.233
-0.233
-0.238
-0.250
-0.261
-0.267
-0.267
-0.275
-0.277
-0.277
-0.277
-0.272
-0.272
-0.272
-0.272
-0.268
-0.261
-0.247
-0.237
-0.247
-0.263
-0.263
-0.263
-0.263
-0.263
-0.243
-0.226
-0.227
-0.251
-0.237
-0.227
-0.223
-0.223
-0.227
-0.227
-0.223
-0.223
-0.221
-0.212
-0.203
-0.203
-0.203
-0.189
-0.169
-0.158
-0.155
-0.140
-0.123
-0.116
-0.107
-0.101
-0.098
-0.086
-0.073
-0.073
-0.073
-0.073
-0.073
-0.073
-0.073
-0.073
-0.073
-0.057
-0.010
0.057
0.094
0.115
0.147
0.173
0.184
0.200
0.232
0.254
0.279
0.331
0.359
0.384
0.425
0.446
0.470
0.574
0.658
0.661
0.669
0.669
0.669
0.669
0.661
0.669
0.669
0.669
0.678
0.682
0.684
0.715
0.728
0.728
0.732
0.732
0.732
0.741
0.741
0.741
0.741
0.741
0.741
0.741
0.720
0.713
0.713
0.585
0.468
0.419
0.394
0.379
0.360
0.345
0.334
0.331
0.321
0.319
0.302
0.281
0.273
0.235
0.209
0.204
0.189
0.177
0.174
0.151
0.098
0.065
0.062
0.046
0.028
0.028
0.028
0.028
0.046
0.046
0.026
0.018
0.017
0.011
0.004
-0.011
-0.011
-0.011
-0.011
-0.011
0.009
0.020
0.020
0.020
0.020
0.020
0.005
-0.004
-0.011
-0.021
-0.021
-0.021
-0.033
-0.036
-0.036
-0.036
-0.051
-0.058
-0.074
-0.093
-0.093
-0.093
-0.074
-0.075
-0.089
-0.092
-0.076
-0.062
-0.045
-0.045
-0.041
-0.043
-0.062
-0.076
-0.076
-0.076
-0.081
-0.086
-0.090
-0.088
-0.088
-0.100
-0.100
-0.088
-0.085
-0.085
-0.085
-0.088
-0.094
-0.094
-0.106
-0.110
-0.110
-0.110
-0.110
-0.110
-0.114
-0.114
-0.126
-0.126
-0.111
-0.109
-0.109
-0.111
-0.127
-0.146
-0.152
-0.164
-0.164
-0.164
-0.164
-0.164
-0.151
-0.118
-0.112
-0.101
-0.094
-0.077
-0.049
-0.016
-0.004
-0.004
-0.004
-0.004
-0.004
-0.062
-0.134
-0.179
-0.193
-0.193
-0.193
-0.182
-0.182
-0.182
-0.171
-0.162
-0.162
-0.162
-0.162
-0.162
-0.163
-0.173
-0.185
-0.185
-0.188
-0.192
-0.192
-0.189
-0.186
-0.175
-0.186
-0.186
-0.186
-0.208
-0.233
-0.233
-0.233
-0.233
-0.233
-0.233
-0.233
-0.227
-0.222
-0.218
-0.206
-0.190
-0.190
-0.190
-0.190
-0.190
-0.185
-0.203
-0.222
-0.227
-0.236
-0.236
-0.236
-0.236
-0.225
-0.217
-0.217
-0.209
-0.209
-0.203
-0.203
-0.201
-0.201
-0.201
-0.184
-0.173
-0.187
-0.201
-0.201
-0.197
-0.183
-0.183
-0.191
-0.209
-0.231
-0.239
-0.239
-0.231
-0.209
-0.209
-0.209
-0.208
-0.167
-0.140
-0.140
-0.140
-0.140
-0.140
-0.183
-0.211
-0.211
-0.211
-0.211
-0.211
-0.195
-0.195
-0.195
-0.195
-0.195
-0.185
-0.187
-0.201
-0.211
-0.220
-0.229
-0.220
-0.211
-0.211
-0.211
-0.211
-0.211
-0.206
-0.199
-0.188
-0.188
-0.188
-0.178
-0.159
-0.143
-0.142
-0.142
-0.057
0.000
0.000
0.000
0.000
0.000
-0.056
-0.095
-0.108
-0.124
-0.158
-0.183
-0.190
-0.190
-0.190
-0.199
-0.212
-0.226
-0.233
-0.233
-0.233
-0.233
-0.226
-0.216
-0.210
-0.206
-0.178
-0.149
-0.149
-0.149
-0.159
-0.159
-0.149
-0.149
-0.157
-0.167
-0.181
-0.199
-0.206
-0.217
-0.217
-0.217
-0.217
-0.217
-0.223
-0.223
-0.223
-0.195
-0.175
-0.175
-0.173
-0.173
-0.180
-0.180
-0.173
-0.164
-0.158
-0.141
-0.125
-0.125
-0.125
-0.118
-0.118
-0.119
-0.144
-0.148
-0.148
-0.148
-0.149
-0.153
-0.155
-0.155
-0.136
-0.136
-0.136
-0.156
-0.156
-0.156
-0.179
-0.179
-0.155
-0.155
-0.155
-0.127
-0.118
-0.118
-0.118
-0.146
-0.144
-0.125
-0.126
-0.126
-0.126
-0.128
-0.128
-0.119
-0.114
-0.111
-0.111
-0.111
-0.111
-0.114
-0.119
-0.114
-0.122
-0.129
-0.131
-0.131
-0.131
-0.129
-0.129
-0.113
-0.080
-0.092
-0.092
-0.092
-0.092
-0.118
-0.139
-0.151
-0.139
-0.139
-0.139
-0.139
-0.127
-0.119
-0.119
-0.119
-0.119
-0.119
-0.130
-0.153
-0.175
-0.186
-0.190
-0.190
-0.190
-0.186
-0.175
-0.161
-0.126
-0.106
-0.106
-0.106
-0.094
-0.094
-0.106
-0.120
-0.132
-0.156
-0.156
-0.156
-0.148
-0.133
-0.133
-0.117
-0.117
-0.117
-0.117
-0.117
-0.148
-0.148
-0.148
-0.148
-0.148
-0.159
-0.149
-0.130
-0.114
-0.114
-0.114
-0.115
-0.127
-0.127
-0.127
-0.115
-0.115
-0.127
-0.127
-0.117
-0.119
-0.119
-0.119
-0.137
-0.137
-0.137
-0.097
-0.079
-0.110
-0.110
-0.079
-0.059
-0.059
-0.059
-0.081
-0.093
-0.093
-0.085
-0.085
-0.085
-0.085
-0.085
-0.076
-0.076
-0.076
-0.077
-0.089
-0.095
-0.105
-0.114
-0.115
-0.115
-0.115
-0.124
-0.128
-0.128
-0.110
-0.109
-0.095
-0.078
-0.078
-0.095
-0.113
-0.112
-0.102
-0.106
-0.117
-0.121
-0.121
-0.121
-0.120
-0.113
-0.108
-0.108
-0.119
-0.108
-0.107
-0.107
-0.108
-0.119
-0.119
-0.118
-0.126
-0.118
-0.088
-0.088
-0.088
-0.051
-0.025
0.008
0.025
0.053
0.053
0.053
0.053
0.077
0.072
0.048
0.012
0.006
-0.005
-0.019
-0.019
-0.019
-0.020
-0.025
-0.025
-0.025
-0.030
-0.032
-0.032
-0.030
-0.028
-0.011
-0.011
-0.011
-0.028
-0.028
-0.013
-0.013
-0.013
-0.025
-0.025
-0.025
-0.010
0.002
0.002
-0.007
-0.019
-0.012
-0.008
-0.008
-0.013
-0.021
-0.024
-0.024
-0.027
-0.027
-0.024
-0.024
-0.024
-0.024
-0.023
-0.023
-0.028
-0.035
-0.028
-0.013
-0.028
-0.035
-0.040
-0.040
-0.040
-0.042
-0.040
-0.044
-0.052
-0.055
-0.050
-0.044
-0.047
-0.059
-0.066
-0.076
-0.076
-0.087
-0.073
-0.073
-0.073
-0.073
-0.059
-0.045
-0.036
-0.028
-0.026
-0.026
-0.026
-0.012
-0.007
-0.026
-0.032
-0.032
-0.026
-0.011
0.000
0.010
0.018
0.018
0.003
0.003
0.003
-0.011
-0.011
-0.011
-0.009
-0.009
-0.009
0.007
0.007
0.007
0.007
0.007
-0.011
-0.051
-0.052
-0.052
-0.052
-0.052
-0.041
-0.020
-0.020
-0.001
-0.001
-0.001
-0.001
-0.001
-0.001
-0.001
-0.004
-0.012
-0.012
-0.012
0.002
0.023
0.042
0.066
0.066
0.082
0.090
0.090
0.090
0.084
0.066
0.066
0.066
0.053
0.048
0.041
0.034
0.026
0.019
0.019
0.019
0.019
0.019
0.019
0.003
0.003
0.021
0.044
0.056
0.056
0.047
0.040
0.040
0.047
0.056
0.056
0.049
0.044
0.033
0.027
0.039
0.039
0.037
0.037
0.037
0.037
0.044
0.044
0.044
0.054
0.051
0.051
0.059
0.059
0.059
0.059
0.057
0.059
0.065
0.074
0.074
0.074
0.074
0.071
0.063
0.063
0.070
0.065
0.052
0.052
0.061
0.065
0.070
0.080
0.092
0.092
0.099
0.106
0.106
0.106
0.111
0.114
0.114
0.114
0.123
0.123
0.123
0.108
0.108
0.108
0.099
0.099
0.099
0.099
0.092
0.086
0.088
0.088
0.103
0.116
0.116
0.103
0.088
0.080
0.079
0.068
0.056
0.056
0.056
0.056
0.056
0.072
0.106
0.133
0.140
0.153
0.167
0.188
0.203
0.208
0.203
0.190
0.197
0.222
0.234
0.234
0.211
0.193
0.190
0.183
0.179
0.179
0.159
0.151
0.151
0.144
0.129
0.117
0.113
0.113
0.117
0.136
0.146
0.146
0.146
0.154
0.167
0.179
0.190
0.207
0.215
0.223
0.244
0.244
0.244
0.225
0.216
0.216
0.204
0.202
0.201
0.193
0.193
0.193
0.187
0.186
0.186
0.186
0.161
0.100
0.100
0.100
0.100
0.100
0.111
0.159
0.168
0.168
0.168
0.178
0.210
0.210
0.193
0.178
0.168
0.160
0.156
0.156
0.156
0.156
0.156
0.156
0.156
0.170
0.181
0.181
0.187
0.202
0.214
0.214
0.213
0.213
0.208
0.204
0.209
0.214
0.219
0.218
0.209
0.209
0.214
0.226
0.244
0.268
0.272
0.272
0.272
0.272
0.272
0.253
0.235
0.235
0.235
0.229
0.220
0.220
0.229
0.269
0.294
0.294
0.294
0.273
0.264
0.264
0.264
0.253
0.250
0.248
0.241
0.248
0.256
0.256
0.256
0.268
0.317
0.474
0.756
0.756
0.756
0.756
0.756
0.615
0.294
0.285
0.285
0.285
0.285
0.299
0.351
0.351
0.351
0.351
0.358
0.359
0.306
0.306
0.306
0.306
0.306
0.308
0.316
0.337
0.357
0.360
0.360
0.360
0.360
0.360
0.344
0.344
0.344
0.344
0.344
0.355
0.391
0.404
0.404
0.404
0.404
0.404
0.383
0.335
0.299
0.273
0.257
0.250
0.234
0.251
0.251
0.251
0.251
0.249
0.242
0.242
0.248
0.251
0.266
0.266
0.251
0.245
0.237
0.237
0.243
0.250
0.265
0.242
0.231
0.231
0.231
0.228
0.210
0.169
0.145
0.145
0.145
0.145
0.145
0.181
0.187
0.187
0.188
0.188
0.188
0.165
0.165
0.156
0.141
0.127
0.115
0.093
0.085
0.078
0.086
0.086
0.078
0.072
0.072
0.072
0.072
0.063
0.041
0.020
-0.001
-0.011
-0.011
-0.013
-0.025
-0.040
-0.025
-0.025
-0.025
-0.022
-0.011
-0.011
-0.012
-0.025
-0.012
0.001
-0.012
0.011
0.034
0.037
0.039
