0.119
0.074
0.074
0.061
0.048
-0.006
-0.026
-0.058
-0.081
-0.081
-0.081
-0.097
-0.128
-0.128
-0.127
-0.127
-0.103
-0.073
-0.036
-0.036
-0.073
-0.036
-0.024
-0.024
-0.024
-0.024
-0.061
-0.102
-0.122
-0.155
-0.155
-0.155
-0.155
-0.163
-0.198
-0.198
-0.129
-0.076
-0.034
-0.034
-0.034
-0.086
-0.176
-0.078
0.055
-0.029
-0.162
-0.175
-0.175
-0.136
-0.114
-0.076
-0.076
-0.107
-0.116
-0.129
-0.108
-0.108
-0.147
-0.239
-0.312
-0.312
-0.312
-0.286
-0.236
-0.236
-0.286
-0.286
-0.240
-0.240
-0.240
-0.298
-0.326
-0.358
-0.362
-0.362
-0.372
-0.372
-0.393
-0.393
-0.371
-0.351
-0.351
-0.276
-0.207
-0.207
-0.150
-0.136
-0.136
-0.136
-0.169
-0.200
-0.228
-0.241
-0.269
-0.302
-0.302
-0.351
-0.351
-0.351
-0.394
-0.408
-0.434
-0.434
-0.421
-0.421
-0.421
-0.429
-0.429
-0.429
-0.429
-0.429
-0.439
-0.439
-0.439
-0.439
-0.480
-0.480
-0.442
-0.442
-0.455
-0.470
-0.410
-0.410
-0.410
-0.410
-0.395
-0.395
-0.455
-0.455
-0.448
-0.369
-0.360
-0.394
-0.439
-0.472
-0.491
-0.474
-0.474
-0.474
-0.474
-0.474
-0.474
-0.474
-0.491
-0.510
-0.493
-0.444
-0.360
-0.333
-0.307
-0.298
-0.307
-0.314
-0.314
-0.314
-0.314
-0.323
-0.323
-0.323
-0.323
-0.323
-0.332
-0.272
-0.117
0.064
0.268
0.423
0.423
0.423
0.315
-0.041
-0.041
-0.285
-0.319
-0.319
-0.319
-0.346
-0.346
-0.337
-0.310
-0.305
-0.301
-0.273
-0.198
-0.057
-0.057
-0.057
-0.057
-0.057
-0.245
-0.549
-0.577
-0.577
-0.577
-0.577
-0.549
-0.482
-0.482
-0.482
-0.488
-0.397
-0.355
-0.369
-0.369
-0.369
-0.369
-0.345
-0.333
-0.286
-0.242
-0.242
-0.242
-0.242
-0.242
-0.299
-0.358
-0.389
-0.404
-0.442
-0.468
-0.479
-0.523
-0.584
-0.584
-0.584
-0.519
-0.529
-0.606
-0.606
-0.563
-0.484
-0.419
-0.419
-0.434
-0.498
-0.543
-0.498
-0.479
-0.479
-0.479
-0.479
-0.479
-0.467
-0.402
-0.358
-0.347
-0.336
-0.336
-0.336
-0.347
-0.358
-0.392
-0.453
-0.481
-0.481
-0.481
-0.481
-0.481
-0.442
-0.396
-0.396
-0.396
-0.395
-0.359
-0.344
-0.340
-0.340
-0.340
-0.344
-0.344
-0.336
-0.330
-0.325
-0.314
-0.267
-0.267
-0.267
-0.275
-0.275
-0.275
-0.325
-0.325
-0.325
-0.325
-0.325
-0.314
-0.289
-0.259
-0.205
-0.093
-0.093
-0.093
-0.124
-0.124
-0.124
-0.291
-0.357
-0.358
-0.374
-0.374
-0.358
-0.374
-0.396
-0.417
-0.417
-0.417
-0.381
-0.357
-0.357
-0.395
-0.487
-0.520
-0.428
-0.357
-0.340
-0.360
-0.431
-0.493
-0.426
-0.347
-0.327
-0.327
-0.295
-0.295
-0.295
-0.295
-0.295
-0.251
-0.248
-0.257
-0.277
-0.277
-0.295
-0.295
-0.295
-0.295
-0.295
-0.312
-0.328
-0.382
-0.425
-0.433
-0.433
-0.433
-0.433
-0.425
-0.426
-0.431
-0.416
-0.405
-0.405
-0.382
-0.382
-0.382
-0.400
-0.400
-0.347
-0.318
-0.318
-0.266
-0.259
-0.291
-0.318
-0.328
-0.328
-0.343
-0.369
-0.369
-0.337
-0.337
-0.337
-0.322
-0.288
-0.261
-0.261
-0.261
-0.211
-0.162
-0.162
-0.182
-0.227
-0.261
-0.271
-0.304
-0.333
-0.334
-0.357
-0.360
-0.392
-0.397
-0.405
-0.405
-0.405
-0.365
-0.325
-0.302
-0.223
-0.154
-0.154
-0.154
-0.154
-0.154
-0.189
-0.151
-0.194
-0.194
-0.194
-0.216
-0.236
-0.236
-0.236
-0.194
-0.172
-0.172
-0.215
-0.261
-0.267
-0.297
-0.371
-0.431
-0.456
-0.471
-0.471
-0.471
-0.471
-0.466
-0.453
-0.410
-0.375
-0.308
-0.206
-0.206
-0.206
-0.186
-0.239
-0.277
-0.344
-0.353
-0.323
-0.351
-0.351
-0.351
-0.343
-0.360
-0.360
-0.343
-0.330
-0.330
-0.320
-0.313
-0.311
-0.309
-0.263
-0.213
-0.213
-0.206
-0.187
-0.154
-0.151
-0.162
-0.162
-0.162
-0.162
-0.162
-0.162
-0.201
-0.256
-0.256
-0.256
-0.256
-0.256
-0.267
-0.267
-0.307
-0.287
-0.287
-0.257
-0.234
-0.253
-0.204
-0.204
-0.204
-0.224
-0.224
-0.204
-0.204
-0.224
-0.241
-0.241
-0.241
-0.259
-0.259
-0.245
-0.248
-0.269
-0.289
-0.295
-0.295
-0.316
-0.338
-0.358
-0.358
-0.358
-0.358
-0.338
-0.298
-0.298
-0.308
-0.263
-0.249
-0.222
-0.214
-0.214
-0.214
-0.248
-0.248
-0.248
-0.248
-0.259
-0.282
-0.298
-0.314
-0.316
-0.316
-0.324
-0.324
-0.355
-0.413
-0.413
-0.413
-0.348
-0.317
-0.304
-0.304
-0.277
-0.274
-0.242
-0.198
-0.127
-0.032
0.221
0.221
0.221
0.261
0.261
0.261
0.053
0.018
0.001
-0.041
-0.075
-0.075
-0.106
-0.183
-0.233
-0.254
-0.285
-0.285
-0.264
-0.287
-0.287
-0.287
-0.249
-0.220
-0.219
-0.219
-0.219
-0.219
-0.247
-0.198
-0.127
-0.070
-0.088
-0.167
-0.197
-0.163
-0.129
-0.099
-0.099
-0.129
-0.129
-0.140
-0.163
-0.163
-0.197
-0.252
-0.289
-0.313
-0.289
-0.289
-0.289
-0.289
-0.244
-0.169
-0.169
-0.169
-0.169
-0.169
-0.194
-0.194
-0.193
-0.193
-0.193
-0.193
-0.171
-0.134
-0.104
-0.085
-0.085
-0.085
-0.085
-0.092
-0.134
-0.186
-0.186
-0.186
-0.186
-0.194
-0.250
-0.308
-0.330
-0.242
-0.167
-0.181
-0.256
-0.330
-0.356
-0.356
-0.313
-0.239
-0.170
-0.235
-0.235
-0.234
-0.234
-0.226
-0.197
-0.158
-0.197
-0.197
-0.197
-0.158
-0.103
-0.063
-0.013
0.015
0.015
0.015
0.015
0.015
-0.040
-0.040
-0.040
-0.040
-0.144
-0.203
-0.210
-0.207
-0.207
-0.207
-0.234
-0.234
-0.234
-0.234
-0.183
-0.146
-0.141
-0.141
-0.086
-0.086
-0.086
-0.027
-0.014
0.006
0.006
0.006
-0.014
-0.014
0.006
0.054
0.100
0.100
0.100
0.100
-0.061
-0.186
-0.177
-0.202
-0.274
-0.337
-0.337
-0.339
-0.285
-0.228
-0.228
-0.228
-0.241
-0.241
-0.241
-0.241
-0.238
-0.207
-0.187
-0.187
-0.177
-0.217
-0.231
-0.219
-0.180
-0.180
-0.187
-0.227
-0.266
-0.290
-0.303
-0.303
-0.278
-0.275
-0.275
-0.319
-0.361
-0.334
-0.263
-0.222
-0.193
-0.193
-0.201
-0.243
-0.318
-0.243
-0.206
-0.197
-0.197
-0.206
-0.206
-0.188
-0.167
-0.167
-0.167
-0.167
-0.195
-0.195
-0.184
-0.132
-0.132
-0.132
-0.184
-0.211
-0.211
-0.211
-0.213
-0.316
-0.325
-0.358
-0.370
-0.370
-0.370
-0.341
-0.309
-0.309
-0.309
-0.289
-0.276
-0.254
-0.210
-0.229
-0.239
-0.229
-0.187
-0.187
-0.187
-0.187
-0.187
-0.227
-0.237
-0.252
-0.269
-0.280
-0.297
-0.296
-0.269
-0.254
-0.254
-0.191
-0.096
-0.096
-0.096
-0.089
-0.082
-0.041
0.014
0.041
0.041
-0.021
0.015
0.015
0.015
-0.036
-0.082
-0.131
-0.146
-0.146
-0.125
-0.116
-0.121
-0.146
-0.146
-0.146
-0.146
-0.146
-0.127
-0.169
-0.169
-0.178
-0.178
-0.178
-0.178
-0.178
-0.178
-0.178
-0.196
-0.229
-0.229
-0.271
-0.299
-0.299
-0.299
-0.272
-0.253
-0.214
-0.151
-0.118
-0.118
-0.104
-0.104
-0.118
-0.130
-0.106
-0.064
-0.040
-0.040
-0.047
-0.116
-0.126
-0.108
-0.055
-0.055
-0.098
-0.108
-0.161
-0.206
-0.206
-0.219
-0.239
-0.239
-0.249
-0.249
-0.249
-0.249
-0.233
-0.198
-0.139
-0.126
-0.121
-0.121
-0.121
-0.121
-0.136
-0.136
-0.136
-0.136
-0.136
-0.071
-0.002
0.017
0.017
0.017
0.017
0.017
-0.001
-0.006
-0.040
-0.092
-0.122
-0.150
-0.192
-0.232
-0.218
-0.218
-0.218
-0.218
-0.174
-0.155
-0.086
-0.063
-0.035
0.004
0.036
0.036
0.036
0.036
0.036
0.022
-0.081
-0.161
-0.226
-0.226
-0.226
-0.226
-0.161
-0.161
-0.161
-0.156
-0.140
-0.117
-0.092
-0.092
-0.117
-0.128
-0.117
-0.117
-0.095
-0.058
-0.074
-0.079
-0.096
-0.090
-0.079
-0.068
-0.047
-0.019
0.005
-0.023
-0.028
0.020
0.102
0.138
0.138
0.060
0.048
-0.007
-0.054
-0.054
-0.043
-0.046
-0.053
-0.064
-0.064
-0.065
-0.092
-0.133
-0.133
-0.194
-0.194
-0.194
-0.223
-0.223
-0.182
-0.182
-0.213
-0.177
-0.142
-0.138
-0.142
-0.154
-0.139
-0.139
-0.128
-0.098
-0.079
-0.079
-0.098
-0.110
-0.108
-0.108
-0.134
-0.154
-0.154
-0.154
-0.154
-0.154
-0.154
-0.152
-0.141
-0.070
-0.070
-0.034
-0.011
-0.011
-0.011
0.021
0.062
0.112
0.133
0.152
0.185
0.185
0.185
0.194
0.232
0.271
0.296
0.270
0.245
0.237
0.233
0.270
0.319
0.319
0.319
0.319
0.371
0.422
0.455
0.461
0.466
0.493
0.561
0.572
0.589
0.589
0.589
0.589
0.572
0.556
0.476
0.464
0.464
0.464
0.428
0.428
0.454
0.490
0.519
0.519
0.521
0.521
0.494
0.494
0.521
0.599
0.599
0.521
0.494
0.473
0.417
0.461
0.449
0.401
0.401
0.401
0.401
0.423
0.436
0.436
0.436
0.381
0.381
0.381
0.323
0.311
0.311
0.311
0.311
0.320
0.332
0.384
0.384
0.384
0.451
0.532
0.532
0.478
0.478
0.466
0.438
0.466
0.478
0.503
0.492
0.466
0.458
0.464
0.464
0.464
0.464
0.451
0.451
0.451
0.457
0.470
0.491
0.485
0.461
0.461
0.461
0.461
0.432
0.432
0.432
0.432
0.404
0.383
0.383
0.383
0.383
0.383
0.383
0.336
0.294
0.294
0.294
0.275
0.270
0.274
0.292
0.324
0.292
0.265
0.244
0.139
0.127
0.171
0.223
0.171
0.156
0.156
0.146
0.146
0.146
0.146
0.101
0.058
0.039
0.028
0.005
-0.035
-0.072
-0.133
-0.189
-0.199
-0.207
-0.213
-0.213
-0.218
-0.251
-0.279
-0.245
-0.209
-0.245
-0.293
-0.245
-0.209
-0.209
-0.202
-0.195
-0.088
0.022
0.022
0.022
0.022
0.022
-0.011
-0.186
-0.186
-0.186
-0.186
-0.186
-0.323
-0.251
-0.197
-0.190
-0.090
0.010
-0.084
-0.174
-0.178
-0.178
-0.171
-0.078
0.060
0.090
0.041
-0.074
-0.074
-0.074
-0.002
-0.013
-0.065
-0.137
-0.159
-0.159
-0.137
-0.105
-0.075
-0.035
-0.052
-0.075
-0.052
0.006
0.006
0.006
0.006
-0.071
-0.102
-0.117
-0.117
-0.102
-0.102
-0.102
-0.057
-0.013
-0.013
-0.013
-0.013
-0.013
-0.004
-0.004
-0.029
-0.136
-0.214
-0.216
-0.216
-0.213
-0.213
-0.225
-0.267
-0.349
-0.393
-0.393
-0.393
-0.393
-0.393
-0.393
-0.258
-0.114
-0.086
-0.086
-0.086
-0.086
-0.086
-0.109
-0.109
-0.093
-0.077
-0.079
-0.137
-0.137
-0.101
-0.064
-0.035
-0.035
-0.064
-0.142
-0.198
-0.200
-0.200
-0.198
-0.198
-0.198
-0.200
-0.209
-0.198
-0.123
-0.134
-0.129
-0.112
-0.193
-0.215
-0.215
-0.193
-0.174
-0.185
-0.202
-0.202
-0.203
-0.223
-0.223
-0.204
-0.204
-0.204
-0.204
-0.204
-0.158
-0.073
-0.067
-0.047
0.009
0.049
0.049
0.049
0.049
0.062
0.115
0.182
0.182
0.182
0.182
0.182
0.161
0.109
0.085
0.068
0.068
0.068
0.035
0.035
0.035
-0.024
-0.059
-0.030
-0.009
-0.009
-0.075
-0.158
-0.239
-0.239
-0.203
-0.120
-0.104
-0.104
-0.104
-0.104
-0.017
0.011
0.031
0.066
0.105
0.105
0.105
0.105
0.057
-0.008
-0.055
-0.055
-0.055
-0.084
-0.101
-0.084
-0.062
-0.045
-0.062
-0.070
-0.043
-0.070
-0.098
-0.102
-0.116
-0.178
-0.178
-0.178
-0.116
-0.089
-0.122
-0.129
-0.050
0.019
0.058
0.058
0.047
0.011
0.004
0.004
0.004
0.004
-0.030
-0.069
-0.072
-0.109
-0.128
-0.128
-0.128
-0.128
-0.128
-0.109
-0.095
-0.060
-0.035
-0.016
-0.002
-0.002
0.004
0.014
0.023
0.038
0.038
0.025
0.025
0.025
0.025
-0.013
-0.013
-0.013
-0.013
-0.013
-0.026
-0.026
-0.026
-0.026
-0.026
0.019
-0.034
-0.092
-0.109
-0.117
-0.117
-0.110
-0.110
-0.102
-0.083
-0.083
-0.083
-0.029
0.011
0.023
0.059
0.138
0.138
0.138
0.059
0.059
0.081
0.142
0.142
0.084
0.014
-0.014
0.014
0.076
0.118
0.133
0.133
0.138
0.223
0.223
0.223
0.249
0.245
0.245
0.245
0.184
0.129
0.087
0.062
0.062
0.062
0.011
-0.042
-0.033
0.013
0.013
0.021
0.021
0.021
0.021
-0.015
-0.015
-0.015
-0.024
-0.065
-0.065
-0.065
-0.065
-0.084
-0.084
-0.084
-0.084
-0.096
-0.115
-0.085
-0.085
-0.129
-0.157
-0.096
-0.096
-0.096
-0.016
0.062
0.074
0.097
0.119
0.144
0.144
0.147
0.147
0.129
0.114
0.106
0.106
0.059
0.059
0.059
-0.023
-0.060
-0.085
-0.085
-0.060
-0.032
0.018
0.059
0.018
-0.000
0.040
0.059
0.069
0.069
0.069
0.089
0.098
0.107
0.107
0.107
0.164
0.164
0.164
0.166
0.244
0.244
0.153
0.144
0.170
0.170
0.102
0.068
0.068
0.068
0.052
0.028
0.052
0.082
0.082
0.106
0.129
0.129
0.106
0.089
0.089
0.089
0.048
0.048
0.048
0.048
0.048
0.075
0.441
0.442
0.450
0.450
0.450
0.450
0.139
0.120
0.101
0.084
0.084
0.084
0.084
0.092
0.127
0.153
0.162
0.165
0.165
0.165
0.165
0.162
0.179
0.211
0.167
0.109
0.060
0.013
-0.021
-0.045
0.005
0.005
0.005
0.005
0.005
0.056
0.083
0.083
0.083
0.083
0.083
0.059
0.059
0.059
0.059
0.079
0.041
0.007
0.007
0.081
0.124
0.145
0.145
0.145
0.168
0.152
0.152
0.152
0.152
0.186
0.186
0.152
0.118
0.118
0.118
0.132
0.163
0.176
0.176
0.163
0.128
0.128
0.128
0.035
-0.045
-0.045
-0.045
-0.045
-0.045
-0.007
0.045
0.092
0.134
0.186
0.186
0.186
0.186
0.186
0.185
0.146
0.103
0.052
0.042
0.042
0.042
0.042
0.063
0.143
0.151
0.151
0.185
0.236
0.276
0.296
0.302
0.316
0.307
0.261
0.261
0.261
0.261
0.180
0.096
0.005
0.005
0.005
0.005
0.009
-0.009
-0.017
-0.009
0.016
0.119
0.228
0.185
0.185
0.142
0.187
0.234
0.236
0.236
0.209
0.209
0.209
0.214
0.238
0.289
0.328
0.278
0.278
0.278
0.351
0.351
0.347
0.347
0.347
0.332
0.314
0.314
0.314
0.332
0.314
0.300
0.264
0.191
0.099
0.095
0.063
0.050
0.050
0.050
0.050
0.082
0.151
0.212
0.232
0.237
0.243
0.243
0.243
0.256
0.256
0.285
0.301
0.340
0.423
0.423
0.423
0.423
0.423
0.405
0.367
0.321
0.298
0.298
0.263
0.227
0.227
0.227
0.183
0.140
0.111
0.111
0.096
0.096
0.096
0.150
0.150
0.150
0.217
0.256
0.287
0.287
0.287
0.287
0.230
0.169
0.119
0.119
0.119
0.119
0.119
0.134
0.153
0.153
0.153
0.179
0.192
0.188
0.179
0.188
0.174
0.179
0.202
0.221
0.221
0.212
0.179
0.183
0.183
0.151
0.134
0.134
0.134
0.134
0.169
0.253
0.299
0.313
0.343
0.368
0.378
0.378
0.368
0.343
0.306
0.231
0.245
0.278
0.278
0.278
0.347
0.361
0.407
0.517
0.522
0.522
0.515
0.493
0.493
0.490
0.415
0.423
0.423
0.360
0.331
0.331
0.318
0.280
0.280
0.270
0.270
0.270
0.280
0.286
0.288
0.292
0.296
0.371
0.383
0.383
0.383
0.383
0.392
0.353
0.343
0.330
0.312
0.299
0.254
0.254
0.295
0.298
0.238
0.213
0.213
0.162
0.162
0.162
0.162
0.179
0.179
0.179
0.208
0.213
0.227
0.283
0.296
0.296
0.296
0.296
0.296
0.250
0.250
0.260
0.300
0.229
0.191
0.191
0.229
0.243
0.243
0.254
0.254
0.254
0.254
0.318
0.404
0.437
0.437
0.437
0.437
0.404
0.372
0.362
0.318
0.240
0.202
0.202
0.182
0.202
0.214
0.214
0.214
0.230
0.336
0.355
0.355
0.355
0.355
0.355
0.258
0.250
0.250
0.250
0.208
0.175
0.170
0.170
0.170
0.208
0.219
0.264
0.283
0.282
0.388
0.388
0.388
0.388
0.388
0.285
0.216
0.216
0.216
0.216
0.216
0.258
0.258
0.284
0.352
0.408
0.408
0.403
0.363
0.311
0.363
0.403
0.408
0.408
0.395
0.354
0.316
0.304
0.304
0.304
0.283
0.274
0.256
0.261
0.261
0.261
0.261
0.304
0.343
0.343
0.343
0.343
0.343
0.336
0.313
0.304
0.279
0.257
0.253
0.242
0.242
0.242
0.209
0.181
0.181
0.181
0.186
0.186
0.186
0.188
0.188
0.188
0.218
0.218
0.185
0.185
0.228
0.228
0.286
0.317
0.331
0.317
0.283
0.287
0.318
0.287
0.267
0.267
0.235
0.228
0.228
0.227
0.248
0.248
0.248
0.272
0.272
0.298
0.298
0.298
0.274
0.270
0.227
0.213
0.208
0.198
0.198
0.191
0.171
0.146
0.123
0.077
0.035
0.035
0.077
0.077
0.077
0.077
0.035
0.040
0.093
0.143
0.143
0.143
0.136
0.113
0.106
0.099
0.103
0.103
0.098
0.091
0.091
0.098
0.098
0.098
0.090
0.084
0.084
0.087
0.126
0.171
0.125
0.080
0.007
0.080
0.192
0.305
